SetLocation,-13076.174715,-1671.669438,5849.331627
SetRotation,-0.573465,0.000000,-0.819230,-0.034067,0.999135,0.023847,0.818522,0.041585,-0.572969
EndFrame
SetLocation,-13076.174715,-1671.669438,5849.331627
SetRotation,-0.573465,0.000000,-0.819230,-0.034067,0.999135,0.023847,0.818522,0.041585,-0.572969
EndFrame
SetLocation,-13076.174715,-1671.669438,5849.331627
SetRotation,-0.573465,0.000000,-0.819230,-0.034067,0.999135,0.023847,0.818522,0.041585,-0.572969
EndFrame
SetLocation,-13076.174715,-1671.669438,5849.331627
SetRotation,-0.573465,0.000000,-0.819230,-0.034067,0.999135,0.023847,0.818522,0.041585,-0.572969
EndFrame
SetLocation,-13076.174715,-1671.669438,5849.331627
SetRotation,-0.573465,0.000000,-0.819230,-0.034067,0.999135,0.023847,0.818522,0.041585,-0.572969
EndFrame
SetLocation,-13076.174715,-1671.669438,5849.331627
SetRotation,-0.573465,0.000000,-0.819230,-0.034067,0.999135,0.023847,0.818522,0.041585,-0.572969
EndFrame
SetLocation,-13076.174715,-1671.669438,5849.331627
SetRotation,-0.573465,0.000000,-0.819230,-0.034067,0.999135,0.023847,0.818522,0.041585,-0.572969
EndFrame
SetLocation,-13076.174715,-1671.669438,5849.331627
SetRotation,-0.573465,0.000000,-0.819230,-0.034067,0.999135,0.023847,0.818522,0.041585,-0.572969
EndFrame
SetLocation,-13076.174715,-1671.669438,5849.331627
SetRotation,-0.573465,0.000000,-0.819230,-0.034067,0.999135,0.023847,0.818522,0.041585,-0.572969
EndFrame
SetLocation,-13076.174715,-1671.669438,5849.331627
SetRotation,-0.573465,0.000000,-0.819230,-0.034067,0.999135,0.023847,0.818522,0.041585,-0.572969
EndFrame
SetLocation,-13076.174715,-1671.669438,5849.331627
SetRotation,-0.573465,0.000000,-0.819230,-0.034067,0.999135,0.023847,0.818522,0.041585,-0.572969
EndFrame
SetLocation,-13076.174715,-1671.669438,5849.331627
SetRotation,-0.573465,0.000000,-0.819230,-0.034067,0.999135,0.023847,0.818522,0.041585,-0.572969
EndFrame
SetLocation,-13076.174715,-1671.669438,5849.331627
SetRotation,-0.573465,0.000000,-0.819230,-0.034067,0.999135,0.023847,0.818522,0.041585,-0.572969
EndFrame
SetLocation,-13076.174715,-1671.669438,5849.331627
SetRotation,-0.573465,0.000000,-0.819230,-0.034067,0.999135,0.023847,0.818522,0.041585,-0.572969
EndFrame
SetLocation,-13076.174715,-1671.669438,5849.331627
SetRotation,-0.573465,0.000000,-0.819230,-0.034067,0.999135,0.023847,0.818522,0.041585,-0.572969
EndFrame
SetLocation,-13076.174715,-1671.669438,5849.331627
SetRotation,-0.573465,0.000000,-0.819230,-0.034067,0.999135,0.023847,0.818522,0.041585,-0.572969
EndFrame
SetLocation,-13076.174715,-1671.669438,5849.331627
SetRotation,-0.573465,0.000000,-0.819230,-0.034067,0.999135,0.023847,0.818522,0.041585,-0.572969
EndFrame
SetLocation,-13076.174715,-1671.669438,5849.331627
SetRotation,-0.573465,0.000000,-0.819230,-0.034067,0.999135,0.023847,0.818522,0.041585,-0.572969
EndFrame
SetLocation,-13076.174715,-1671.669438,5849.331627
SetRotation,-0.573465,0.000000,-0.819230,-0.034067,0.999135,0.023847,0.818522,0.041585,-0.572969
EndFrame
SetLocation,-13076.174715,-1671.669438,5849.331627
SetRotation,-0.573465,0.000000,-0.819230,-0.034067,0.999135,0.023847,0.818522,0.041585,-0.572969
EndFrame
SetLocation,-13067.782768,-1671.243085,5843.457227
SetRotation,-0.573465,0.000000,-0.819230,-0.034067,0.999135,0.023847,0.818522,0.041585,-0.572969
EndFrame
SetLocation,-13059.508855,-1670.822729,5837.665452
SetRotation,-0.573465,0.000000,-0.819230,-0.034067,0.999135,0.023847,0.818522,0.041585,-0.572969
EndFrame
SetLocation,-13051.243635,-1670.402815,5831.879761
SetRotation,-0.573465,0.000000,-0.819230,-0.034067,0.999135,0.023847,0.818522,0.041585,-0.572969
EndFrame
SetLocation,-13042.992890,-1669.983636,5826.104203
SetRotation,-0.573465,0.000000,-0.819230,-0.034067,0.999135,0.023847,0.818522,0.041585,-0.572969
EndFrame
SetLocation,-13033.916566,-1669.522513,5819.750737
SetRotation,-0.573465,0.000000,-0.819230,-0.034067,0.999135,0.023847,0.818522,0.041585,-0.572969
EndFrame
SetLocation,-13025.393452,-1669.089497,5813.784520
SetRotation,-0.573465,0.000000,-0.819230,-0.034067,0.999135,0.023847,0.818522,0.041585,-0.572969
EndFrame
SetLocation,-13017.143943,-1668.670380,5808.009827
SetRotation,-0.573465,0.000000,-0.819230,-0.034067,0.999135,0.023847,0.818522,0.041585,-0.572969
EndFrame
SetLocation,-13008.725656,-1668.242689,5802.116989
SetRotation,-0.573465,0.000000,-0.819230,-0.034067,0.999135,0.023847,0.818522,0.041585,-0.572969
EndFrame
SetLocation,-13000.296483,-1667.814445,5796.216531
SetRotation,-0.573465,0.000000,-0.819230,-0.034067,0.999135,0.023847,0.818522,0.041585,-0.572969
EndFrame
SetLocation,-12992.032294,-1667.394583,5790.431562
SetRotation,-0.573465,0.000000,-0.819230,-0.034067,0.999135,0.023847,0.818522,0.041585,-0.572969
EndFrame
SetLocation,-12983.948731,-1666.983898,5784.773032
SetRotation,-0.573465,0.000000,-0.819230,-0.034067,0.999135,0.023847,0.818522,0.041585,-0.572969
EndFrame
SetLocation,-12975.903850,-1666.575178,5779.141581
SetRotation,-0.573465,0.000000,-0.819230,-0.034067,0.999135,0.023847,0.818522,0.041585,-0.572969
EndFrame
SetLocation,-12967.689767,-1666.157862,5773.391686
SetRotation,-0.573465,0.000000,-0.819230,-0.034067,0.999135,0.023847,0.818522,0.041585,-0.572969
EndFrame
SetLocation,-12959.350872,-1665.734204,5767.554423
SetRotation,-0.573465,0.000000,-0.819230,-0.034067,0.999135,0.023847,0.818522,0.041585,-0.572969
EndFrame
SetLocation,-12950.973576,-1665.308596,5761.690279
SetRotation,-0.573465,0.000000,-0.819230,-0.034067,0.999135,0.023847,0.818522,0.041585,-0.572969
EndFrame
SetLocation,-12942.759795,-1664.891295,5755.940596
SetRotation,-0.573465,0.000000,-0.819230,-0.034067,0.999135,0.023847,0.818522,0.041585,-0.572969
EndFrame
SetLocation,-12934.339634,-1664.463508,5750.046447
SetRotation,-0.573465,0.000000,-0.819230,-0.034067,0.999135,0.023847,0.818522,0.041585,-0.572969
EndFrame
SetLocation,-12925.913191,-1664.035403,5744.147899
SetRotation,-0.573465,0.000000,-0.819230,-0.034067,0.999135,0.023847,0.818522,0.041585,-0.572969
EndFrame
SetLocation,-12917.519426,-1663.608958,5738.272227
SetRotation,-0.573465,0.000000,-0.819230,-0.034067,0.999135,0.023847,0.818522,0.041585,-0.572969
EndFrame
SetLocation,-12909.314220,-1663.192093,5732.528546
SetRotation,-0.573465,0.000000,-0.819230,-0.034067,0.999135,0.023847,0.818522,0.041585,-0.572969
EndFrame
SetLocation,-12900.903856,-1662.764804,5726.641255
SetRotation,-0.573465,0.000000,-0.819230,-0.034067,0.999135,0.023847,0.818522,0.041585,-0.572969
EndFrame
SetLocation,-12892.570515,-1662.341429,5720.807879
SetRotation,-0.573465,0.000000,-0.819230,-0.034067,0.999135,0.023847,0.818522,0.041585,-0.572969
EndFrame
SetLocation,-12884.237124,-1661.918051,5714.974469
SetRotation,-0.573465,0.000000,-0.819230,-0.034067,0.999135,0.023847,0.818522,0.041585,-0.572969
EndFrame
SetLocation,-12876.050776,-1661.502144,5709.243990
SetRotation,-0.573465,0.000000,-0.819230,-0.034067,0.999135,0.023847,0.818522,0.041585,-0.572969
EndFrame
SetLocation,-12867.841276,-1661.085060,5703.497303
SetRotation,-0.573465,0.000000,-0.819230,-0.034067,0.999135,0.023847,0.818522,0.041585,-0.572969
EndFrame
SetLocation,-12859.784204,-1660.675721,5697.857318
SetRotation,-0.573465,0.000000,-0.819230,-0.034067,0.999135,0.023847,0.818522,0.041585,-0.572969
EndFrame
SetLocation,-12851.556222,-1660.257698,5692.097694
SetRotation,-0.573465,0.000000,-0.819230,-0.034067,0.999135,0.023847,0.818522,0.041585,-0.572969
EndFrame
SetLocation,-12843.505980,-1659.848706,5686.462489
SetRotation,-0.573465,0.000000,-0.819230,-0.034067,0.999135,0.023847,0.818522,0.041585,-0.572969
EndFrame
SetLocation,-12835.296296,-1659.431613,5680.715674
SetRotation,-0.573465,0.000000,-0.819230,-0.034067,0.999135,0.023847,0.818522,0.041585,-0.572969
EndFrame
SetLocation,-12826.909534,-1659.005524,5674.844904
SetRotation,-0.573465,0.000000,-0.819230,-0.034067,0.999135,0.023847,0.818522,0.041585,-0.572969
EndFrame
SetLocation,-12818.708011,-1658.588845,5669.103802
SetRotation,-0.573465,0.000000,-0.819230,-0.034067,0.999135,0.023847,0.818522,0.041585,-0.572969
EndFrame
SetLocation,-12810.344090,-1658.163916,5663.249020
SetRotation,-0.573465,0.000000,-0.819230,-0.034067,0.999135,0.023847,0.818522,0.041585,-0.572969
EndFrame
SetLocation,-12802.175409,-1657.748907,5657.530908
SetRotation,-0.573465,0.000000,-0.819230,-0.034067,0.999135,0.023847,0.818522,0.041585,-0.572969
EndFrame
SetLocation,-12793.816096,-1657.324212,5651.679352
SetRotation,-0.573465,0.000000,-0.819230,-0.034067,0.999135,0.023847,0.818522,0.041585,-0.572969
EndFrame
SetLocation,-12785.432637,-1656.898290,5645.810894
SetRotation,-0.573465,0.000000,-0.819230,-0.034067,0.999135,0.023847,0.818522,0.041585,-0.572969
EndFrame
SetLocation,-12777.292306,-1656.484721,5640.112626
SetRotation,-0.573465,0.000000,-0.819230,-0.034067,0.999135,0.023847,0.818522,0.041585,-0.572969
EndFrame
SetLocation,-12768.969155,-1656.061863,5634.286384
SetRotation,-0.573465,0.000000,-0.819230,-0.034067,0.999135,0.023847,0.818522,0.041585,-0.572969
EndFrame
SetLocation,-12759.627117,-1655.587241,5627.746916
SetRotation,-0.573465,0.000000,-0.819230,-0.034067,0.999135,0.023847,0.818522,0.041585,-0.572969
EndFrame
SetLocation,-12751.338692,-1655.166148,5621.944982
SetRotation,-0.573465,0.000000,-0.819230,-0.034067,0.999135,0.023847,0.818522,0.041585,-0.572969
EndFrame
SetLocation,-12743.211628,-1654.753253,5616.256002
SetRotation,-0.573465,0.000000,-0.819230,-0.034067,0.999135,0.023847,0.818522,0.041585,-0.572969
EndFrame
SetLocation,-12735.089480,-1654.340607,5610.570462
SetRotation,-0.573465,0.000000,-0.819230,-0.034067,0.999135,0.023847,0.818522,0.041585,-0.572969
EndFrame
SetLocation,-12726.986330,-1653.928926,5604.898221
SetRotation,-0.573465,0.000000,-0.819230,-0.034067,0.999135,0.023847,0.818522,0.041585,-0.572969
EndFrame
SetLocation,-12718.772639,-1653.511630,5599.148602
SetRotation,-0.573465,0.000000,-0.819230,-0.034067,0.999135,0.023847,0.818522,0.041585,-0.572969
EndFrame
SetLocation,-12710.683464,-1653.100660,5593.486144
SetRotation,-0.573465,0.000000,-0.819230,-0.034067,0.999135,0.023847,0.818522,0.041585,-0.572969
EndFrame
SetLocation,-12702.441256,-1652.681914,5587.716562
SetRotation,-0.573465,0.000000,-0.819230,-0.034067,0.999135,0.023847,0.818522,0.041585,-0.572969
EndFrame
SetLocation,-12694.394023,-1652.273075,5582.083463
SetRotation,-0.573465,0.000000,-0.819230,-0.034067,0.999135,0.023847,0.818522,0.041585,-0.572969
EndFrame
SetLocation,-12686.304108,-1651.862067,5576.420487
SetRotation,-0.573465,0.000000,-0.819230,-0.034067,0.999135,0.023847,0.818522,0.041585,-0.572969
EndFrame
SetLocation,-12677.956287,-1651.437956,5570.576976
SetRotation,-0.573465,0.000000,-0.819230,-0.034067,0.999135,0.023847,0.818522,0.041585,-0.572969
EndFrame
SetLocation,-12675.568863,-1651.032821,5557.013727
SetRotation,-0.573465,0.000000,-0.819230,-0.034067,0.999135,0.023847,0.818522,0.041585,-0.572969
EndFrame
SetLocation,-12673.159851,-1650.624024,5543.327833
SetRotation,-0.573465,0.000000,-0.819230,-0.034067,0.999135,0.023847,0.818522,0.041585,-0.572969
EndFrame
SetLocation,-12670.739751,-1650.213344,5529.578942
SetRotation,-0.573465,0.000000,-0.819230,-0.034067,0.999135,0.023847,0.818522,0.041585,-0.572969
EndFrame
SetLocation,-12668.306601,-1649.800450,5515.755918
SetRotation,-0.573465,0.000000,-0.819230,-0.034067,0.999135,0.023847,0.818522,0.041585,-0.572969
EndFrame
SetLocation,-12665.891847,-1649.390678,5502.037405
SetRotation,-0.573465,0.000000,-0.819230,-0.034067,0.999135,0.023847,0.818522,0.041585,-0.572969
EndFrame
SetLocation,-12663.483720,-1648.982030,5488.356537
SetRotation,-0.573465,0.000000,-0.819230,-0.034067,0.999135,0.023847,0.818522,0.041585,-0.572969
EndFrame
SetLocation,-12661.034364,-1648.566386,5474.441447
SetRotation,-0.573465,0.000000,-0.819230,-0.034067,0.999135,0.023847,0.818522,0.041585,-0.572969
EndFrame
SetLocation,-12658.606036,-1648.154311,5460.645814
SetRotation,-0.573465,0.000000,-0.819230,-0.034067,0.999135,0.023847,0.818522,0.041585,-0.572969
EndFrame
SetLocation,-12656.145899,-1647.736837,5446.669475
SetRotation,-0.573465,0.000000,-0.819230,-0.034067,0.999135,0.023847,0.818522,0.041585,-0.572969
EndFrame
SetLocation,-12653.717094,-1647.324681,5432.871134
SetRotation,-0.573465,0.000000,-0.819230,-0.034067,0.999135,0.023847,0.818522,0.041585,-0.572969
EndFrame
SetLocation,-12651.353071,-1646.923517,5419.440825
SetRotation,-0.573465,0.000000,-0.819230,-0.034067,0.999135,0.023847,0.818522,0.041585,-0.572969
EndFrame
SetLocation,-12648.902997,-1646.507751,5405.521656
SetRotation,-0.573465,0.000000,-0.819230,-0.034067,0.999135,0.023847,0.818522,0.041585,-0.572969
EndFrame
SetLocation,-12646.454433,-1646.092242,5391.611063
SetRotation,-0.573465,0.000000,-0.819230,-0.034067,0.999135,0.023847,0.818522,0.041585,-0.572969
EndFrame
SetLocation,-12644.056904,-1645.685393,5377.990407
SetRotation,-0.573465,0.000000,-0.819230,-0.034067,0.999135,0.023847,0.818522,0.041585,-0.572969
EndFrame
SetLocation,-12641.628489,-1645.273302,5364.194280
SetRotation,-0.573465,0.000000,-0.819230,-0.034067,0.999135,0.023847,0.818522,0.041585,-0.572969
EndFrame
SetLocation,-12639.200648,-1644.861309,5350.401417
SetRotation,-0.573465,0.000000,-0.819230,-0.034067,0.999135,0.023847,0.818522,0.041585,-0.572969
EndFrame
SetLocation,-12636.798824,-1644.453731,5336.756356
SetRotation,-0.573465,0.000000,-0.819230,-0.034067,0.999135,0.023847,0.818522,0.041585,-0.572969
EndFrame
SetLocation,-12634.382383,-1644.043673,5323.028258
SetRotation,-0.573465,0.000000,-0.819230,-0.034067,0.999135,0.023847,0.818522,0.041585,-0.572969
EndFrame
SetLocation,-12631.960585,-1643.632705,5309.269727
SetRotation,-0.573465,0.000000,-0.819230,-0.034067,0.999135,0.023847,0.818522,0.041585,-0.572969
EndFrame
SetLocation,-12607.749690,-1639.524232,5171.724649
SetRotation,-0.573465,0.000000,-0.819230,-0.034067,0.999135,0.023847,0.818522,0.041585,-0.572969
EndFrame
SetLocation,-12583.534273,-1635.414992,5034.153885
SetRotation,-0.573465,0.000000,-0.819230,-0.034067,0.999135,0.023847,0.818522,0.041585,-0.572969
EndFrame
SetLocation,-12560.101696,-1631.438596,4901.030529
SetRotation,-0.573465,0.000000,-0.819230,-0.034067,0.999135,0.023847,0.818522,0.041585,-0.572969
EndFrame
SetLocation,-12536.667208,-1627.461875,4767.896314
SetRotation,-0.573465,0.000000,-0.819230,-0.034067,0.999135,0.023847,0.818522,0.041585,-0.572969
EndFrame
SetLocation,-12513.397151,-1623.513058,4635.696257
SetRotation,-0.573465,0.000000,-0.819230,-0.034067,0.999135,0.023847,0.818522,0.041585,-0.572969
EndFrame
SetLocation,-12490.304883,-1619.594411,4504.506234
SetRotation,-0.573465,0.000000,-0.819230,-0.034067,0.999135,0.023847,0.818522,0.041585,-0.572969
EndFrame
SetLocation,-12466.450298,-1615.546402,4368.985400
SetRotation,-0.573465,0.000000,-0.819230,-0.034067,0.999135,0.023847,0.818522,0.041585,-0.572969
EndFrame
SetLocation,-12443.163651,-1611.594769,4236.691091
SetRotation,-0.573465,0.000000,-0.819230,-0.034067,0.999135,0.023847,0.818522,0.041585,-0.572969
EndFrame
SetLocation,-12419.456649,-1607.571804,4102.008695
SetRotation,-0.573465,0.000000,-0.819230,-0.034067,0.999135,0.023847,0.818522,0.041585,-0.572969
EndFrame
SetLocation,-12396.110884,-1603.610140,3969.378525
SetRotation,-0.573465,0.000000,-0.819230,-0.034067,0.999135,0.023847,0.818522,0.041585,-0.572969
EndFrame
SetLocation,-12373.006289,-1599.689401,3838.118474
SetRotation,-0.573465,0.000000,-0.819230,-0.034067,0.999135,0.023847,0.818522,0.041585,-0.572969
EndFrame
SetLocation,-12349.874504,-1595.764047,3706.703959
SetRotation,-0.573465,0.000000,-0.819230,-0.034067,0.999135,0.023847,0.818522,0.041585,-0.572969
EndFrame
SetLocation,-12326.852322,-1591.857293,3575.912104
SetRotation,-0.573465,0.000000,-0.819230,-0.034067,0.999135,0.023847,0.818522,0.041585,-0.572969
EndFrame
SetLocation,-12303.942054,-1587.969531,3445.756053
SetRotation,-0.573465,0.000000,-0.819230,-0.034067,0.999135,0.023847,0.818522,0.041585,-0.572969
EndFrame
SetLocation,-12280.937577,-1584.065781,3315.064785
SetRotation,-0.573465,0.000000,-0.819230,-0.034067,0.999135,0.023847,0.818522,0.041585,-0.572969
EndFrame
SetLocation,-12258.532442,-1580.263737,3187.778453
SetRotation,-0.573465,0.000000,-0.819230,-0.034067,0.999135,0.023847,0.818522,0.041585,-0.572969
EndFrame
SetLocation,-12235.911144,-1576.425011,3059.264069
SetRotation,-0.573465,0.000000,-0.819230,-0.034067,0.999135,0.023847,0.818522,0.041585,-0.572969
EndFrame
SetLocation,-12213.377195,-1572.601107,2931.245934
SetRotation,-0.573465,0.000000,-0.819230,-0.034067,0.999135,0.023847,0.818522,0.041585,-0.572969
EndFrame
SetLocation,-12191.212779,-1568.839912,2805.327152
SetRotation,-0.573465,0.000000,-0.819230,-0.034067,0.999135,0.023847,0.818522,0.041585,-0.572969
EndFrame
SetLocation,-12169.129755,-1565.092529,2679.870775
SetRotation,-0.573465,0.000000,-0.819230,-0.034067,0.999135,0.023847,0.818522,0.041585,-0.572969
EndFrame
SetLocation,-12147.222658,-1561.374999,2555.413858
SetRotation,-0.573465,0.000000,-0.819230,-0.034067,0.999135,0.023847,0.818522,0.041585,-0.572969
EndFrame
SetLocation,-12123.172199,-1557.293751,2418.780239
SetRotation,-0.573465,0.000000,-0.819230,-0.034067,0.999135,0.023847,0.818522,0.041585,-0.572969
EndFrame
SetLocation,-12100.597499,-1553.462933,2290.530589
SetRotation,-0.573465,0.000000,-0.819230,-0.034067,0.999135,0.023847,0.818522,0.041585,-0.572969
EndFrame
SetLocation,-12078.007702,-1549.629552,2162.195172
SetRotation,-0.573465,0.000000,-0.819230,-0.034067,0.999135,0.023847,0.818522,0.041585,-0.572969
EndFrame
SetLocation,-12055.625738,-1545.831440,2035.040472
SetRotation,-0.573465,0.000000,-0.819230,-0.034067,0.999135,0.023847,0.818522,0.041585,-0.572969
EndFrame
SetLocation,-12033.407874,-1542.061175,1908.818052
SetRotation,-0.573465,0.000000,-0.819230,-0.034067,0.999135,0.023847,0.818522,0.041585,-0.572969
EndFrame
SetLocation,-12011.374474,-1538.322212,1783.643595
SetRotation,-0.573465,0.000000,-0.819230,-0.034067,0.999135,0.023847,0.818522,0.041585,-0.572969
EndFrame
SetLocation,-11989.350154,-1534.584791,1658.520719
SetRotation,-0.573465,0.000000,-0.819230,-0.034067,0.999135,0.023847,0.818522,0.041585,-0.572969
EndFrame
SetLocation,-11967.508817,-1530.878420,1534.437391
SetRotation,-0.573465,0.000000,-0.819230,-0.034067,0.999135,0.023847,0.818522,0.041585,-0.572969
EndFrame
SetLocation,-11945.585068,-1527.158065,1409.885874
SetRotation,-0.573465,0.000000,-0.819230,-0.034067,0.999135,0.023847,0.818522,0.041585,-0.572969
EndFrame
SetLocation,-11924.027002,-1523.499764,1287.411845
SetRotation,-0.573465,0.000000,-0.819230,-0.034067,0.999135,0.023847,0.818522,0.041585,-0.572969
EndFrame
SetLocation,-11902.496553,-1519.846150,1165.094716
SetRotation,-0.573465,0.000000,-0.819230,-0.034067,0.999135,0.023847,0.818522,0.041585,-0.572969
EndFrame
SetLocation,-11881.166927,-1516.226615,1043.918481
SetRotation,-0.573465,0.000000,-0.819230,-0.034067,0.999135,0.023847,0.818522,0.041585,-0.572969
EndFrame
SetLocation,-11860.176567,-1512.664651,924.669662
SetRotation,-0.573465,0.000000,-0.819230,-0.034067,0.999135,0.023847,0.818522,0.041585,-0.572969
EndFrame
SetLocation,-11838.668958,-1509.014913,802.482286
SetRotation,-0.573465,0.000000,-0.819230,-0.034067,0.999135,0.023847,0.818522,0.041585,-0.572969
EndFrame
SetLocation,-11817.434107,-1505.411460,681.844484
SetRotation,-0.573465,0.000000,-0.819230,-0.034067,0.999135,0.023847,0.818522,0.041585,-0.572969
EndFrame
SetLocation,-11796.163587,-1501.801955,561.004040
SetRotation,-0.573465,0.000000,-0.819230,-0.034067,0.999135,0.023847,0.818522,0.041585,-0.572969
EndFrame
SetLocation,-11775.357914,-1498.271332,442.804445
SetRotation,-0.573465,0.000000,-0.819230,-0.034067,0.999135,0.023847,0.818522,0.041585,-0.572969
EndFrame
SetLocation,-11754.318040,-1494.700966,323.274332
SetRotation,-0.573465,0.000000,-0.819230,-0.034067,0.999135,0.023847,0.818522,0.041585,-0.572969
EndFrame
SetLocation,-11733.438054,-1491.157732,204.652559
SetRotation,-0.573465,0.000000,-0.819230,-0.034067,0.999135,0.023847,0.818522,0.041585,-0.572969
EndFrame
SetLocation,-11712.520744,-1487.608165,85.818747
SetRotation,-0.573465,0.000000,-0.819230,-0.034067,0.999135,0.023847,0.818522,0.041585,-0.572969
EndFrame
SetLocation,-11691.541915,-1484.048158,-33.364569
SetRotation,-0.573465,0.000000,-0.819230,-0.034067,0.999135,0.023847,0.818522,0.041585,-0.572969
EndFrame
SetLocation,-11671.033836,-1480.568035,-149.873492
SetRotation,-0.573465,0.000000,-0.819230,-0.034067,0.999135,0.023847,0.818522,0.041585,-0.572969
EndFrame
SetLocation,-11650.466967,-1477.077936,-266.716403
SetRotation,-0.573465,0.000000,-0.819230,-0.034067,0.999135,0.023847,0.818522,0.041585,-0.572969
EndFrame
SetLocation,-11629.869406,-1473.582628,-383.733688
SetRotation,-0.573465,0.000000,-0.819230,-0.034067,0.999135,0.023847,0.818522,0.041585,-0.572969
EndFrame
SetLocation,-11609.568875,-1470.137725,-499.063502
SetRotation,-0.573465,0.000000,-0.819230,-0.034067,0.999135,0.023847,0.818522,0.041585,-0.572969
EndFrame
SetLocation,-11589.316217,-1466.700946,-614.121349
SetRotation,-0.573465,0.000000,-0.819230,-0.034067,0.999135,0.023847,0.818522,0.041585,-0.572969
EndFrame
SetLocation,-11569.326281,-1463.308750,-727.686635
SetRotation,-0.573465,0.000000,-0.819230,-0.034067,0.999135,0.023847,0.818522,0.041585,-0.572969
EndFrame
SetLocation,-11549.272804,-1459.905771,-841.612910
SetRotation,-0.573465,0.000000,-0.819230,-0.034067,0.999135,0.023847,0.818522,0.041585,-0.572969
EndFrame
SetLocation,-11529.369299,-1456.528241,-954.687174
SetRotation,-0.573465,0.000000,-0.819230,-0.034067,0.999135,0.023847,0.818522,0.041585,-0.572969
EndFrame
SetLocation,-11509.244510,-1453.113161,-1069.018579
SetRotation,-0.573465,0.000000,-0.819230,-0.034067,0.999135,0.023847,0.818522,0.041585,-0.572969
EndFrame
SetLocation,-11488.905714,-1449.661764,-1184.565785
SetRotation,-0.573465,0.000000,-0.819230,-0.034067,0.999135,0.023847,0.818522,0.041585,-0.572969
EndFrame
SetLocation,-11468.950993,-1446.275544,-1297.931011
SetRotation,-0.573465,0.000000,-0.819230,-0.034067,0.999135,0.023847,0.818522,0.041585,-0.572969
EndFrame
SetLocation,-11448.754549,-1442.848304,-1412.669495
SetRotation,-0.573465,0.000000,-0.819230,-0.034067,0.999135,0.023847,0.818522,0.041585,-0.572969
EndFrame
SetLocation,-11428.511534,-1439.413161,-1527.672560
SetRotation,-0.573465,0.000000,-0.819230,-0.034067,0.999135,0.023847,0.818522,0.041585,-0.572969
EndFrame
SetLocation,-11408.292999,-1435.982173,-1642.536544
SetRotation,-0.573465,0.000000,-0.819230,-0.034067,0.999135,0.023847,0.818522,0.041585,-0.572969
EndFrame
SetLocation,-11387.384757,-1432.434144,-1761.318844
SetRotation,-0.573465,0.000000,-0.819230,-0.034067,0.999135,0.023847,0.818522,0.041585,-0.572969
EndFrame
SetLocation,-11367.159900,-1429.002083,-1876.218747
SetRotation,-0.573465,0.000000,-0.819230,-0.034067,0.999135,0.023847,0.818522,0.041585,-0.572969
EndFrame
SetLocation,-11347.032415,-1425.586545,-1990.565467
SetRotation,-0.573465,0.000000,-0.819230,-0.034067,0.999135,0.023847,0.818522,0.041585,-0.572969
EndFrame
SetLocation,-11327.040593,-1422.194028,-2104.141472
SetRotation,-0.573465,0.000000,-0.819230,-0.034067,0.999135,0.023847,0.818522,0.041585,-0.572969
EndFrame
SetLocation,-11306.609534,-1418.726975,-2220.212834
SetRotation,-0.573465,0.000000,-0.819230,-0.034067,0.999135,0.023847,0.818522,0.041585,-0.572969
EndFrame
SetLocation,-11286.558334,-1415.324383,-2334.126169
SetRotation,-0.573465,0.000000,-0.819230,-0.034067,0.999135,0.023847,0.818522,0.041585,-0.572969
EndFrame
SetLocation,-11266.853729,-1411.980605,-2446.070461
SetRotation,-0.546824,0.000000,-0.837248,-0.034816,0.999135,0.022739,0.836524,0.041585,-0.546351
EndFrame
SetLocation,-11243.423091,-1408.617256,-2557.974384
SetRotation,-0.519456,0.000000,-0.854497,-0.035534,0.999135,0.021601,0.853759,0.041585,-0.519007
EndFrame
SetLocation,-11216.371019,-1405.252158,-2669.119629
SetRotation,-0.491530,0.000000,-0.870860,-0.036214,0.999135,0.020440,0.870108,0.041585,-0.491105
EndFrame
SetLocation,-11186.061996,-1401.922853,-2778.158932
SetRotation,-0.463394,0.000000,-0.886152,-0.036850,0.999135,0.019270,0.885386,0.041585,-0.462994
EndFrame
SetLocation,-11151.891146,-1398.555501,-2887.406201
SetRotation,-0.434454,0.000000,-0.900694,-0.037455,0.999135,0.018066,0.899916,0.041585,-0.434078
EndFrame
SetLocation,-11114.349839,-1395.201508,-2995.060777
SetRotation,-0.405175,0.000000,-0.914239,-0.038018,0.999135,0.016849,0.913449,0.041585,-0.404824
EndFrame
SetLocation,-11072.676138,-1391.791928,-3103.211641
SetRotation,-0.374979,0.000000,-0.927033,-0.038550,0.999135,0.015593,0.926232,0.041585,-0.374654
EndFrame
SetLocation,-11027.005318,-1388.346649,-3211.055278
SetRotation,-0.344057,0.000000,-0.938949,-0.039045,0.999135,0.014307,0.938137,0.041585,-0.343759
EndFrame
SetLocation,-10977.453410,-1384.878065,-3318.045288
SetRotation,-0.312545,0.000000,-0.949903,-0.039501,0.999135,0.012997,0.949082,0.041585,-0.312274
EndFrame
SetLocation,-10924.056110,-1381.389619,-3423.925696
SetRotation,-0.280501,0.000000,-0.959854,-0.039915,0.999135,0.011664,0.959024,0.041585,-0.280258
EndFrame
SetLocation,-10866.304125,-1377.850145,-3529.476829
SetRotation,-0.247666,0.000000,-0.968846,-0.040289,0.999135,0.010299,0.968008,0.041585,-0.247451
EndFrame
SetLocation,-10803.608256,-1374.230744,-3635.338666
SetRotation,-0.213792,0.000000,-0.976879,-0.040623,0.999135,0.008890,0.976035,0.041585,-0.213607
EndFrame
SetLocation,-10736.173503,-1370.551764,-3740.659730
SetRotation,-0.179096,0.000000,-0.983831,-0.040912,0.999135,0.007448,0.982981,0.041585,-0.178941
EndFrame
SetLocation,-10662.625452,-1366.747118,-3847.042755
SetRotation,-0.142980,0.000000,-0.989726,-0.041157,0.999135,0.005946,0.988870,0.041585,-0.142856
EndFrame
SetLocation,-10582.386497,-1362.802472,-3954.476533
SetRotation,-0.105333,0.000000,-0.994437,-0.041353,0.999135,0.004380,0.993577,0.041585,-0.105242
EndFrame
SetLocation,-10494.796450,-1358.701763,-4062.916163
SetRotation,-0.066036,0.000000,-0.997817,-0.041493,0.999135,0.002746,0.996955,0.041585,-0.065979
EndFrame
SetLocation,-10399.638218,-1354.450954,-4171.657165
SetRotation,-0.025194,0.000000,-0.999683,-0.041571,0.999135,0.001048,0.998818,0.041585,-0.025172
EndFrame
SetLocation,-10286.769404,-1349.630153,-4290.464902
SetRotation,0.021172,0.000000,-0.999776,-0.041575,0.999135,-0.000880,0.998912,0.041585,0.021154
EndFrame
SetLocation,-10171.678471,-1344.938326,-4400.877843
SetRotation,0.066255,0.000000,-0.997803,-0.041493,0.999135,-0.002755,0.996940,0.041585,0.066198
EndFrame
SetLocation,-10049.539105,-1340.161062,-4507.900087
SetRotation,0.112020,0.000000,-0.993706,-0.041322,0.999135,-0.004658,0.992847,0.041585,0.111924
EndFrame
SetLocation,-9924.090394,-1335.439421,-4608.019346
SetRotation,0.157020,0.000000,-0.987595,-0.041068,0.999135,-0.006530,0.986742,0.041585,0.156885
EndFrame
SetLocation,-9824.800516,-1331.829429,-4680.133308
SetRotation,0.191212,0.000000,-0.981549,-0.040817,0.999135,-0.007951,0.980700,0.041585,0.191047
EndFrame
SetLocation,-9734.529856,-1328.626197,-4741.024530
SetRotation,0.221359,0.000000,-0.975192,-0.040553,0.999135,-0.009205,0.974349,0.041585,0.221168
EndFrame
SetLocation,-9644.626285,-1325.499482,-4797.718528
SetRotation,0.250584,0.000000,-0.968095,-0.040257,0.999135,-0.010420,0.967258,0.041585,0.250368
EndFrame
SetLocation,-9553.967523,-1322.403804,-4851.147698
SetRotation,0.279295,0.000000,-0.960205,-0.039929,0.999135,-0.011614,0.959375,0.041585,0.279054
EndFrame
SetLocation,-9462.098117,-1319.319538,-4901.667145
SetRotation,0.307655,0.000000,-0.951498,-0.039567,0.999135,-0.012794,0.950675,0.041585,0.307389
EndFrame
SetLocation,-9371.130130,-1316.313249,-4948.231470
SetRotation,0.335037,0.000000,-0.942205,-0.039181,0.999135,-0.013932,0.941390,0.041585,0.334747
EndFrame
SetLocation,-9278.208689,-1313.285941,-4992.453208
SetRotation,0.362327,0.000000,-0.932051,-0.038759,0.999135,-0.015067,0.931245,0.041585,0.362014
EndFrame
SetLocation,-9252.052481,-1313.285941,-5059.737475
SetRotation,0.389086,0.000000,-0.921201,-0.038307,0.999135,-0.016180,0.920405,0.041585,0.388750
EndFrame
SetLocation,-9222.494684,-1313.285941,-5129.718604
SetRotation,0.416895,0.000000,-0.908955,-0.037798,0.999135,-0.017336,0.908169,0.041585,0.416535
EndFrame
SetLocation,-9187.979298,-1313.285941,-5204.972456
SetRotation,0.446762,0.000000,-0.894653,-0.037203,0.999135,-0.018578,0.893879,0.041585,0.446376
EndFrame
SetLocation,-9153.870538,-1313.285941,-5273.276144
SetRotation,0.473871,0.000000,-0.880594,-0.036619,0.999135,-0.019706,0.879833,0.041585,0.473462
EndFrame
SetLocation,-9118.411576,-1313.285941,-5339.169517
SetRotation,0.500012,0.000000,-0.866018,-0.036013,0.999135,-0.020793,0.865270,0.041585,0.499580
EndFrame
SetLocation,-9080.091079,-1313.285941,-5405.540414
SetRotation,0.526321,0.000000,-0.850286,-0.035358,0.999135,-0.021887,0.849550,0.041585,0.525867
EndFrame
SetLocation,-9040.582417,-1313.285941,-5469.367662
SetRotation,0.526321,0.000000,-0.850286,-0.035358,0.999135,-0.021887,0.849550,0.041585,0.525867
EndFrame
SetLocation,-9001.063574,-1313.285941,-5533.211360
SetRotation,0.526321,0.000000,-0.850286,-0.035358,0.999135,-0.021887,0.849550,0.041585,0.525867
EndFrame
SetLocation,-8960.024360,-1313.285941,-5599.511256
SetRotation,0.526321,0.000000,-0.850286,-0.035358,0.999135,-0.021887,0.849550,0.041585,0.525867
EndFrame
SetLocation,-8917.870168,-1313.285941,-5667.612427
SetRotation,0.526321,0.000000,-0.850286,-0.035358,0.999135,-0.021887,0.849550,0.041585,0.525867
EndFrame
SetLocation,-8875.200001,-1313.285941,-5736.547167
SetRotation,0.526321,0.000000,-0.850286,-0.035358,0.999135,-0.021887,0.849550,0.041585,0.525867
EndFrame
SetLocation,-8831.035385,-1313.285941,-5807.896230
SetRotation,0.526321,0.000000,-0.850286,-0.035358,0.999135,-0.021887,0.849550,0.041585,0.525867
EndFrame
SetLocation,-8786.030136,-1313.285941,-5880.603356
SetRotation,0.526321,0.000000,-0.850286,-0.035358,0.999135,-0.021887,0.849550,0.041585,0.525867
EndFrame
SetLocation,-8740.955939,-1313.285941,-5953.421869
SetRotation,0.526321,0.000000,-0.850286,-0.035358,0.999135,-0.021887,0.849550,0.041585,0.525867
EndFrame
SetLocation,-8694.641924,-1313.285941,-6028.243341
SetRotation,0.526321,0.000000,-0.850286,-0.035358,0.999135,-0.021887,0.849550,0.041585,0.525867
EndFrame
SetLocation,-8647.567458,-1313.285941,-6104.293340
SetRotation,0.526321,0.000000,-0.850286,-0.035358,0.999135,-0.021887,0.849550,0.041585,0.525867
EndFrame
SetLocation,-8599.860938,-1313.285941,-6181.364438
SetRotation,0.526321,0.000000,-0.850286,-0.035358,0.999135,-0.021887,0.849550,0.041585,0.525867
EndFrame
SetLocation,-8550.862654,-1313.285941,-6260.522413
SetRotation,0.526321,0.000000,-0.850286,-0.035358,0.999135,-0.021887,0.849550,0.041585,0.525867
EndFrame
SetLocation,-8501.166055,-1313.285941,-6340.808535
SetRotation,0.526321,0.000000,-0.850286,-0.035358,0.999135,-0.021887,0.849550,0.041585,0.525867
EndFrame
SetLocation,-8450.461924,-1313.285941,-6422.722349
SetRotation,0.526321,0.000000,-0.850286,-0.035358,0.999135,-0.021887,0.849550,0.041585,0.525867
EndFrame
SetLocation,-8398.571633,-1313.285941,-6506.552436
SetRotation,0.526321,0.000000,-0.850286,-0.035358,0.999135,-0.021887,0.849550,0.041585,0.525867
EndFrame
SetLocation,-8346.690790,-1313.285941,-6590.367260
SetRotation,0.526321,0.000000,-0.850286,-0.035358,0.999135,-0.021887,0.849550,0.041585,0.525867
EndFrame
SetLocation,-8295.497530,-1313.285941,-6673.071275
SetRotation,0.526321,0.000000,-0.850286,-0.035358,0.999135,-0.021887,0.849550,0.041585,0.525867
EndFrame
SetLocation,-8242.755949,-1313.285941,-6758.276644
SetRotation,0.526321,0.000000,-0.850286,-0.035358,0.999135,-0.021887,0.849550,0.041585,0.525867
EndFrame
SetLocation,-8190.323471,-1313.285941,-6842.982648
SetRotation,0.526321,0.000000,-0.850286,-0.035358,0.999135,-0.021887,0.849550,0.041585,0.525867
EndFrame
SetLocation,-8139.567368,-1313.285941,-6924.980424
SetRotation,0.526321,0.000000,-0.850286,-0.035358,0.999135,-0.021887,0.849550,0.041585,0.525867
EndFrame
SetLocation,-8089.949899,-1313.285941,-7005.138709
SetRotation,0.526321,0.000000,-0.850286,-0.035358,0.999135,-0.021887,0.849550,0.041585,0.525867
EndFrame
SetLocation,-8040.308403,-1313.285941,-7085.335810
SetRotation,0.526321,0.000000,-0.850286,-0.035358,0.999135,-0.021887,0.849550,0.041585,0.525867
EndFrame
SetLocation,-7990.982250,-1313.285941,-7165.023467
SetRotation,0.526321,0.000000,-0.850286,-0.035358,0.999135,-0.021887,0.849550,0.041585,0.525867
EndFrame
SetLocation,-7941.543333,-1313.285941,-7244.893297
SetRotation,0.526321,0.000000,-0.850286,-0.035358,0.999135,-0.021887,0.849550,0.041585,0.525867
EndFrame
SetLocation,-7893.857971,-1313.285941,-7321.930214
SetRotation,0.526321,0.000000,-0.850286,-0.035358,0.999135,-0.021887,0.849550,0.041585,0.525867
EndFrame
SetLocation,-7846.107453,-1313.285941,-7399.072391
SetRotation,0.526321,0.000000,-0.850286,-0.035358,0.999135,-0.021887,0.849550,0.041585,0.525867
EndFrame
SetLocation,-7797.566590,-1313.285941,-7477.491392
SetRotation,0.526321,0.000000,-0.850286,-0.035358,0.999135,-0.021887,0.849550,0.041585,0.525867
EndFrame
SetLocation,-7749.442074,-1313.285941,-7555.237774
SetRotation,0.526321,0.000000,-0.850286,-0.035358,0.999135,-0.021887,0.849550,0.041585,0.525867
EndFrame
SetLocation,-7703.007610,-1313.285941,-7630.253834
SetRotation,0.526321,0.000000,-0.850286,-0.035358,0.999135,-0.021887,0.849550,0.041585,0.525867
EndFrame
SetLocation,-7656.965489,-1313.285941,-7704.636052
SetRotation,0.526321,0.000000,-0.850286,-0.035358,0.999135,-0.021887,0.849550,0.041585,0.525867
EndFrame
SetLocation,-7611.876581,-1313.285941,-7777.478331
SetRotation,0.526321,0.000000,-0.850286,-0.035358,0.999135,-0.021887,0.849550,0.041585,0.525867
EndFrame
SetLocation,-7567.356885,-1313.285941,-7849.401034
SetRotation,0.526321,0.000000,-0.850286,-0.035358,0.999135,-0.021887,0.849550,0.041585,0.525867
EndFrame
SetLocation,-7523.523533,-1313.285941,-7920.214931
SetRotation,0.526321,0.000000,-0.850286,-0.035358,0.999135,-0.021887,0.849550,0.041585,0.525867
EndFrame
SetLocation,-7479.816469,-1313.285941,-7990.824807
SetRotation,0.526321,0.000000,-0.850286,-0.035358,0.999135,-0.021887,0.849550,0.041585,0.525867
EndFrame
SetLocation,-7436.576460,-1313.285941,-8060.680143
SetRotation,0.526321,0.000000,-0.850286,-0.035358,0.999135,-0.021887,0.849550,0.041585,0.525867
EndFrame
SetLocation,-7395.298848,-1313.285941,-8127.365176
SetRotation,0.526321,0.000000,-0.850286,-0.035358,0.999135,-0.021887,0.849550,0.041585,0.525867
EndFrame
SetLocation,-7355.326874,-1313.285941,-8191.940918
SetRotation,0.526321,0.000000,-0.850286,-0.035358,0.999135,-0.021887,0.849550,0.041585,0.525867
EndFrame
SetLocation,-7316.104213,-1313.285941,-8255.306126
SetRotation,0.526321,0.000000,-0.850286,-0.035358,0.999135,-0.021887,0.849550,0.041585,0.525867
EndFrame
SetLocation,-7276.278948,-1313.285941,-8319.644855
SetRotation,0.526321,0.000000,-0.850286,-0.035358,0.999135,-0.021887,0.849550,0.041585,0.525867
EndFrame
SetLocation,-7235.626811,-1313.285941,-8385.319418
SetRotation,0.526321,0.000000,-0.850286,-0.035358,0.999135,-0.021887,0.849550,0.041585,0.525867
EndFrame
SetLocation,-7194.025938,-1313.285941,-8452.526688
SetRotation,0.526321,0.000000,-0.850286,-0.035358,0.999135,-0.021887,0.849550,0.041585,0.525867
EndFrame
SetLocation,-7148.920083,-1313.285941,-8525.396346
SetRotation,0.526321,0.000000,-0.850286,-0.035358,0.999135,-0.021887,0.849550,0.041585,0.525867
EndFrame
SetLocation,-7107.441498,-1313.285941,-8592.406057
SetRotation,0.526321,0.000000,-0.850286,-0.035358,0.999135,-0.021887,0.849550,0.041585,0.525867
EndFrame
SetLocation,-7065.003174,-1313.285941,-8660.966250
SetRotation,0.526321,0.000000,-0.850286,-0.035358,0.999135,-0.021887,0.849550,0.041585,0.525867
EndFrame
SetLocation,-7020.776452,-1313.285941,-8732.415646
SetRotation,0.526321,0.000000,-0.850286,-0.035358,0.999135,-0.021887,0.849550,0.041585,0.525867
EndFrame
SetLocation,-6976.255597,-1313.285941,-8804.340221
SetRotation,0.526321,0.000000,-0.850286,-0.035358,0.999135,-0.021887,0.849550,0.041585,0.525867
EndFrame
SetLocation,-6932.022007,-1313.285941,-8875.800713
SetRotation,0.526321,0.000000,-0.850286,-0.035358,0.999135,-0.021887,0.849550,0.041585,0.525867
EndFrame
SetLocation,-6886.228810,-1313.285941,-8949.780789
SetRotation,0.526321,0.000000,-0.850286,-0.035358,0.999135,-0.021887,0.849550,0.041585,0.525867
EndFrame
SetLocation,-6837.892762,-1313.285941,-9027.868905
SetRotation,0.526321,0.000000,-0.850286,-0.035358,0.999135,-0.021887,0.849550,0.041585,0.525867
EndFrame
SetLocation,-6787.113054,-1313.285941,-9109.904817
SetRotation,0.526321,0.000000,-0.850286,-0.035358,0.999135,-0.021887,0.849550,0.041585,0.525867
EndFrame
SetLocation,-6734.225445,-1313.285941,-9195.346097
SetRotation,0.526321,0.000000,-0.850286,-0.035358,0.999135,-0.021887,0.849550,0.041585,0.525867
EndFrame
SetLocation,-6681.432257,-1313.285941,-9280.634836
SetRotation,0.526321,0.000000,-0.850286,-0.035358,0.999135,-0.021887,0.849550,0.041585,0.525867
EndFrame
SetLocation,-6628.290648,-1313.285941,-9366.486459
SetRotation,0.526321,0.000000,-0.850286,-0.035358,0.999135,-0.021887,0.849550,0.041585,0.525867
EndFrame
SetLocation,-6575.836622,-1313.285941,-9451.227274
SetRotation,0.526321,0.000000,-0.850286,-0.035358,0.999135,-0.021887,0.849550,0.041585,0.525867
EndFrame
SetLocation,-6524.267671,-1313.285941,-9534.538227
SetRotation,0.526321,0.000000,-0.850286,-0.035358,0.999135,-0.021887,0.849550,0.041585,0.525867
EndFrame
SetLocation,-6471.656854,-1313.285941,-9619.532342
SetRotation,0.526321,0.000000,-0.850286,-0.035358,0.999135,-0.021887,0.849550,0.041585,0.525867
EndFrame
SetLocation,-6418.390378,-1313.285941,-9705.585692
SetRotation,0.526321,0.000000,-0.850286,-0.035358,0.999135,-0.021887,0.849550,0.041585,0.525867
EndFrame
SetLocation,-6363.188370,-1313.285941,-9794.765942
SetRotation,0.526321,0.000000,-0.850286,-0.035358,0.999135,-0.021887,0.849550,0.041585,0.525867
EndFrame
SetLocation,-6307.373203,-1313.285941,-9884.936766
SetRotation,0.526321,0.000000,-0.850286,-0.035358,0.999135,-0.021887,0.849550,0.041585,0.525867
EndFrame
SetLocation,-6252.004957,-1313.285941,-9974.385578
SetRotation,0.526321,0.000000,-0.850286,-0.035358,0.999135,-0.021887,0.849550,0.041585,0.525867
EndFrame
SetLocation,-6198.258112,-1313.285941,-10061.214975
SetRotation,0.526321,0.000000,-0.850286,-0.035358,0.999135,-0.021887,0.849550,0.041585,0.525867
EndFrame
SetLocation,-6143.835710,-1313.285941,-10149.135752
SetRotation,0.526321,0.000000,-0.850286,-0.035358,0.999135,-0.021887,0.849550,0.041585,0.525867
EndFrame
SetLocation,-6089.794704,-1313.285941,-10236.440374
SetRotation,0.526321,0.000000,-0.850286,-0.035358,0.999135,-0.021887,0.849550,0.041585,0.525867
EndFrame
SetLocation,-6036.321280,-1313.285941,-10322.828051
SetRotation,0.526321,0.000000,-0.850286,-0.035358,0.999135,-0.021887,0.849550,0.041585,0.525867
EndFrame
SetLocation,-5981.935273,-1313.285941,-10410.690031
SetRotation,0.526321,0.000000,-0.850286,-0.035358,0.999135,-0.021887,0.849550,0.041585,0.525867
EndFrame
SetLocation,-5927.784032,-1313.285941,-10498.172741
SetRotation,0.526321,0.000000,-0.850286,-0.035358,0.999135,-0.021887,0.849550,0.041585,0.525867
EndFrame
SetLocation,-5873.946394,-1313.285941,-10585.148816
SetRotation,0.526321,0.000000,-0.850286,-0.035358,0.999135,-0.021887,0.849550,0.041585,0.525867
EndFrame
SetLocation,-5819.295994,-1313.285941,-10673.437928
SetRotation,0.526321,0.000000,-0.850286,-0.035358,0.999135,-0.021887,0.849550,0.041585,0.525867
EndFrame
SetLocation,-5764.582539,-1313.285941,-10761.828909
SetRotation,0.526321,0.000000,-0.850286,-0.035358,0.999135,-0.021887,0.849550,0.041585,0.525867
EndFrame
SetLocation,-5710.575034,-1313.285941,-10849.079410
SetRotation,0.526321,0.000000,-0.850286,-0.035358,0.999135,-0.021887,0.849550,0.041585,0.525867
EndFrame
SetLocation,-5656.198369,-1313.285941,-10936.926297
SetRotation,0.526321,0.000000,-0.850286,-0.035358,0.999135,-0.021887,0.849550,0.041585,0.525867
EndFrame
SetLocation,-5601.357967,-1313.285941,-11025.522362
SetRotation,0.526321,0.000000,-0.850286,-0.035358,0.999135,-0.021887,0.849550,0.041585,0.525867
EndFrame
