SetLocation,-9629.415202,-2441.022575,-4893.458606
SetRotation,0.019229,0.000000,0.999815,-0.040020,0.999198,0.000770,-0.999014,-0.040027,0.019213
SetToolParameters,17289,65014,41193,17028,65014,41453,21481,64758,41125,60.000000,4
EndFrame
SetLocation,-9629.415202,-2441.022575,-4893.458606
SetRotation,0.019229,0.000000,0.999815,-0.040020,0.999198,0.000770,-0.999014,-0.040027,0.019213
SetToolParameters,17287,65014,41191,17028,65014,41453,21481,64758,41125,60.000000,4
EndFrame
SetLocation,-9629.415202,-2441.022575,-4893.458606
SetRotation,0.019229,0.000000,0.999815,-0.040020,0.999198,0.000770,-0.999014,-0.040027,0.019213
SetToolParameters,17284,65014,41187,17028,65014,41453,21481,64758,41125,60.000000,4
EndFrame
SetLocation,-9629.415202,-2441.022575,-4893.458606
SetRotation,0.019229,0.000000,0.999815,-0.040020,0.999198,0.000770,-0.999014,-0.040027,0.019213
SetToolParameters,17280,65014,41181,17028,65014,41453,21481,64758,41125,60.000000,4
EndFrame
SetLocation,-9629.415202,-2441.022575,-4893.458606
SetRotation,0.019229,0.000000,0.999815,-0.040020,0.999198,0.000770,-0.999014,-0.040027,0.019213
SetToolParameters,17275,65014,41175,17028,65014,41453,21481,64758,41125,60.000000,4
EndFrame
SetLocation,-9629.415202,-2441.022575,-4893.458606
SetRotation,0.019229,0.000000,0.999815,-0.040020,0.999198,0.000770,-0.999014,-0.040027,0.019213
SetToolParameters,17273,65014,41170,17028,65014,41453,21481,64758,41125,60.000000,4
EndFrame
SetLocation,-9629.415202,-2441.022575,-4893.458606
SetRotation,0.019229,0.000000,0.999815,-0.040020,0.999198,0.000770,-0.999014,-0.040027,0.019213
SetToolParameters,17273,65014,41167,17028,65014,41453,21481,64758,41125,60.000000,4
EndFrame
SetLocation,-9629.415202,-2441.022575,-4893.458606
SetRotation,0.019229,0.000000,0.999815,-0.040020,0.999198,0.000770,-0.999014,-0.040027,0.019213
SetToolParameters,17275,65015,41165,17028,65014,41453,21481,64758,41125,60.000000,4
EndFrame
SetLocation,-9629.415202,-2441.022575,-4893.458606
SetRotation,0.019229,0.000000,0.999815,-0.040020,0.999198,0.000770,-0.999014,-0.040027,0.019213
SetToolParameters,17279,65017,41163,17028,65014,41453,21481,64758,41125,60.000000,4
EndFrame
SetLocation,-9629.415202,-2441.022575,-4893.458606
SetRotation,0.019229,0.000000,0.999815,-0.040020,0.999198,0.000770,-0.999014,-0.040027,0.019213
SetToolParameters,17279,65017,41158,17028,65014,41453,21481,64758,41125,60.000000,4
EndFrame
SetLocation,-9629.415202,-2441.022575,-4893.458606
SetRotation,0.019229,0.000000,0.999815,-0.040020,0.999198,0.000770,-0.999014,-0.040027,0.019213
SetToolParameters,17279,65017,41155,17028,65014,41453,21481,64758,41125,60.000000,4
EndFrame
SetLocation,-9629.415202,-2441.022575,-4893.458606
SetRotation,0.019229,0.000000,0.999815,-0.040020,0.999198,0.000770,-0.999014,-0.040027,0.019213
SetToolParameters,17278,65017,41151,17028,65014,41453,21481,64758,41125,60.000000,4
EndFrame
SetLocation,-9629.415202,-2441.022575,-4893.458606
SetRotation,0.019229,0.000000,0.999815,-0.040020,0.999198,0.000770,-0.999014,-0.040027,0.019213
SetToolParameters,17279,65017,41146,17028,65014,41453,21481,64758,41125,60.000000,4
EndFrame
SetLocation,-9629.415202,-2441.022575,-4893.458606
SetRotation,0.019229,0.000000,0.999815,-0.040020,0.999198,0.000770,-0.999014,-0.040027,0.019213
SetToolParameters,17280,65017,41143,17028,65014,41453,21481,64758,41125,60.000000,4
EndFrame
SetLocation,-9629.415202,-2441.022575,-4893.458606
SetRotation,0.019229,0.000000,0.999815,-0.040020,0.999198,0.000770,-0.999014,-0.040027,0.019213
SetToolParameters,17282,65017,41141,17028,65014,41453,21481,64758,41125,60.000000,4
EndFrame
SetLocation,-9629.415202,-2441.022575,-4893.458606
SetRotation,0.019229,0.000000,0.999815,-0.040020,0.999198,0.000770,-0.999014,-0.040027,0.019213
SetToolParameters,17282,65017,41141,17028,65014,41453,21481,64758,41125,60.000000,4
EndFrame
SetLocation,-9629.415202,-2441.022575,-4893.458606
SetRotation,0.019229,0.000000,0.999815,-0.040020,0.999198,0.000770,-0.999014,-0.040027,0.019213
SetToolParameters,17282,65017,41141,17028,65014,41453,21481,64758,41125,60.000000,4
EndFrame
SetLocation,-9629.415202,-2441.022575,-4893.458606
SetRotation,0.019229,0.000000,0.999815,-0.040020,0.999198,0.000770,-0.999014,-0.040027,0.019213
SetToolParameters,17282,65017,41141,17028,65014,41453,21481,64758,41125,60.000000,4
EndFrame
SetLocation,-9629.415202,-2441.022575,-4893.458606
SetRotation,0.019229,0.000000,0.999815,-0.040020,0.999198,0.000770,-0.999014,-0.040027,0.019213
SetToolParameters,17282,65017,41141,17028,65014,41453,21481,64758,41125,60.000000,4
EndFrame
SetLocation,-9629.415202,-2441.022575,-4893.458606
SetRotation,0.019229,0.000000,0.999815,-0.040020,0.999198,0.000770,-0.999014,-0.040027,0.019213
SetToolParameters,17282,65017,41141,17028,65014,41453,21481,64758,41125,60.000000,4
EndFrame
SetLocation,-9629.415202,-2441.022575,-4893.458606
SetRotation,0.019229,0.000000,0.999815,-0.040020,0.999198,0.000770,-0.999014,-0.040027,0.019213
SetToolParameters,17282,65017,41141,17028,65014,41453,21481,64758,41125,60.000000,4
EndFrame
SetLocation,-9629.415202,-2441.022575,-4893.458606
SetRotation,0.019229,0.000000,0.999815,-0.040020,0.999198,0.000770,-0.999014,-0.040027,0.019213
SetToolParameters,17282,65017,41141,17028,65014,41453,21481,64758,41125,60.000000,4
EndFrame
SetLocation,-9629.415202,-2441.022575,-4893.458606
SetRotation,0.019229,0.000000,0.999815,-0.040020,0.999198,0.000770,-0.999014,-0.040027,0.019213
SetToolParameters,17282,65017,41141,17028,65014,41453,21481,64758,41125,60.000000,4
EndFrame
SetLocation,-9629.415202,-2441.022575,-4893.458606
SetRotation,0.019229,0.000000,0.999815,-0.040020,0.999198,0.000770,-0.999014,-0.040027,0.019213
SetToolParameters,17282,65017,41141,17028,65014,41453,21481,64758,41125,60.000000,4
EndFrame
SetLocation,-9629.415202,-2441.022575,-4893.458606
SetRotation,0.019229,0.000000,0.999815,-0.040020,0.999198,0.000770,-0.999014,-0.040027,0.019213
SetToolParameters,17282,65017,41141,17028,65014,41453,21481,64758,41125,60.000000,4
EndFrame
SetLocation,-9629.415202,-2441.022575,-4893.458606
SetRotation,0.019229,0.000000,0.999815,-0.040020,0.999198,0.000770,-0.999014,-0.040027,0.019213
SetToolParameters,17282,65017,41141,17028,65014,41453,21481,64758,41125,60.000000,4
EndFrame
SetLocation,-9629.415202,-2441.022575,-4893.458606
SetRotation,0.019229,0.000000,0.999815,-0.040020,0.999198,0.000770,-0.999014,-0.040027,0.019213
SetToolParameters,17282,65017,41141,17028,65014,41453,21481,64758,41125,60.000000,4
EndFrame
SetLocation,-9629.415202,-2441.022575,-4893.458606
SetRotation,0.019229,0.000000,0.999815,-0.040020,0.999198,0.000770,-0.999014,-0.040027,0.019213
SetToolParameters,17282,65017,41141,17028,65014,41453,21481,64758,41125,60.000000,4
EndFrame
SetLocation,-9629.415202,-2441.022575,-4893.458606
SetRotation,0.019229,0.000000,0.999815,-0.040020,0.999198,0.000770,-0.999014,-0.040027,0.019213
SetToolParameters,17282,65017,41141,17028,65014,41453,21481,64758,41125,60.000000,4
EndFrame
SetLocation,-9629.415202,-2441.022575,-4893.458606
SetRotation,0.019229,0.000000,0.999815,-0.040020,0.999198,0.000770,-0.999014,-0.040027,0.019213
SetToolParameters,17282,65017,41141,17028,65014,41453,21481,64758,41125,60.000000,4
EndFrame
SetLocation,-9629.415202,-2441.022575,-4893.458606
SetRotation,0.019229,0.000000,0.999815,-0.040020,0.999198,0.000770,-0.999014,-0.040027,0.019213
SetToolParameters,17282,65017,41141,17028,65014,41453,21481,64758,41125,60.000000,4
EndFrame
SetLocation,-9629.415202,-2441.022575,-4893.458606
SetRotation,0.019229,0.000000,0.999815,-0.040020,0.999198,0.000770,-0.999014,-0.040027,0.019213
SetToolParameters,17282,65017,41141,17028,65014,41453,21481,64758,41125,60.000000,4
EndFrame
SetLocation,-9629.415202,-2441.022575,-4893.458606
SetRotation,0.019229,0.000000,0.999815,-0.040020,0.999198,0.000770,-0.999014,-0.040027,0.019213
SetToolParameters,17282,65017,41141,17028,65014,41453,21481,64758,41125,60.000000,4
EndFrame
SetLocation,-9629.415202,-2441.022575,-4893.458606
SetRotation,0.019229,0.000000,0.999815,-0.040020,0.999198,0.000770,-0.999014,-0.040027,0.019213
SetToolParameters,17282,65017,41141,17028,65014,41453,21481,64758,41125,60.000000,4
EndFrame
SetLocation,-9629.415202,-2441.022575,-4893.458606
SetRotation,0.019229,0.000000,0.999815,-0.040020,0.999198,0.000770,-0.999014,-0.040027,0.019213
SetToolParameters,17282,65017,41141,17028,65014,41453,17282,65017,41141,60.000000,4
EndFrame
SetLocation,-9629.415202,-2441.022575,-4893.458606
SetRotation,0.019229,0.000000,0.999815,-0.040020,0.999198,0.000770,-0.999014,-0.040027,0.019213
SetToolParameters,17282,65017,41141,17028,65014,41453,17282,65017,41141,60.000000,4
EndFrame
SetLocation,-9629.415202,-2441.022575,-4893.458606
SetRotation,0.019229,0.000000,0.999815,-0.040020,0.999198,0.000770,-0.999014,-0.040027,0.019213
SetToolParameters,17282,65017,41141,17028,65014,41453,17282,65017,41141,60.000000,4
EndFrame
SetLocation,-9629.415202,-2441.022575,-4893.458606
SetRotation,0.019229,0.000000,0.999815,-0.040020,0.999198,0.000770,-0.999014,-0.040027,0.019213
SetToolParameters,17282,65017,41141,17028,65014,41453,17282,65017,41141,60.000000,4
EndFrame
SetLocation,-9629.415202,-2441.022575,-4893.458606
SetRotation,0.019229,0.000000,0.999815,-0.040020,0.999198,0.000770,-0.999014,-0.040027,0.019213
SetToolParameters,17282,65017,41141,17028,65014,41453,17282,65017,41141,60.000000,4
EndFrame
SetLocation,-9629.415202,-2441.022575,-4893.458606
SetRotation,0.019229,0.000000,0.999815,-0.040020,0.999198,0.000770,-0.999014,-0.040027,0.019213
SetToolParameters,17282,65017,41141,17028,65014,41453,17282,65017,41141,60.000000,4
EndFrame
SetLocation,-9629.415202,-2441.022575,-4893.458606
SetRotation,0.019229,0.000000,0.999815,-0.040020,0.999198,0.000770,-0.999014,-0.040027,0.019213
SetToolParameters,17282,65017,41141,17028,65014,41453,17282,65017,41141,60.000000,4
EndFrame
SetLocation,-9629.415202,-2441.022575,-4893.458606
SetRotation,0.019229,0.000000,0.999815,-0.040020,0.999198,0.000770,-0.999014,-0.040027,0.019213
SetToolParameters,17282,65017,41141,17028,65014,41453,17282,65017,41141,60.000000,4
EndFrame
SetLocation,-9629.415202,-2441.022575,-4893.458606
SetRotation,0.019229,0.000000,0.999815,-0.040020,0.999198,0.000770,-0.999014,-0.040027,0.019213
SetToolParameters,17282,65017,41141,17028,65014,41453,17282,65017,41141,60.000000,4
EndFrame
SetLocation,-9629.415202,-2441.022575,-4893.458606
SetRotation,0.019229,0.000000,0.999815,-0.040020,0.999198,0.000770,-0.999014,-0.040027,0.019213
SetToolParameters,17282,65017,41141,17028,65014,41453,17282,65017,41141,60.000000,4
EndFrame
SetLocation,-9629.415202,-2441.022575,-4893.458606
SetRotation,0.019229,0.000000,0.999815,-0.040020,0.999198,0.000770,-0.999014,-0.040027,0.019213
SetToolParameters,17282,65017,41141,17028,65014,41453,17282,65017,41141,60.000000,4
EndFrame
SetLocation,-9629.415202,-2441.022575,-4893.458606
SetRotation,0.019229,0.000000,0.999815,-0.040020,0.999198,0.000770,-0.999014,-0.040027,0.019213
SetToolParameters,17282,65017,41141,17028,65014,41453,17282,65017,41141,60.000000,4
EndFrame
SetLocation,-9629.415202,-2441.022575,-4893.458606
SetRotation,0.019229,0.000000,0.999815,-0.040020,0.999198,0.000770,-0.999014,-0.040027,0.019213
SetToolParameters,17280,65017,41140,17028,65014,41453,17282,65017,41141,60.000000,4
EndFrame
SetLocation,-9629.415202,-2441.022575,-4893.458606
SetRotation,0.019229,0.000000,0.999815,-0.040020,0.999198,0.000770,-0.999014,-0.040027,0.019213
SetToolParameters,17273,65017,41149,17028,65014,41453,17282,65017,41141,60.000000,4
EndFrame
SetLocation,-9629.415202,-2441.022575,-4893.458606
SetRotation,0.019229,0.000000,0.999815,-0.040020,0.999198,0.000770,-0.999014,-0.040027,0.019213
SetToolParameters,17257,65017,41164,17028,65014,41453,17282,65017,41141,60.000000,4
EndFrame
SetLocation,-9629.415202,-2441.022575,-4893.458606
SetRotation,0.019229,0.000000,0.999815,-0.040020,0.999198,0.000770,-0.999014,-0.040027,0.019213
SetToolParameters,17236,65014,41179,17028,65014,41453,17282,65017,41141,60.000000,4
EndFrame
SetLocation,-9629.415202,-2441.022575,-4893.458606
SetRotation,0.019229,0.000000,0.999815,-0.040020,0.999198,0.000770,-0.999014,-0.040027,0.019213
SetToolParameters,17213,65014,41196,17028,65014,41453,17282,65017,41141,60.000000,4
EndFrame
SetLocation,-9629.415202,-2441.022575,-4893.458606
SetRotation,0.019229,0.000000,0.999815,-0.040020,0.999198,0.000770,-0.999014,-0.040027,0.019213
SetToolParameters,17184,65014,41215,17028,65014,41453,17282,65017,41141,60.000000,4
EndFrame
SetLocation,-9629.415202,-2441.022575,-4893.458606
SetRotation,0.019229,0.000000,0.999815,-0.040020,0.999198,0.000770,-0.999014,-0.040027,0.019213
SetToolParameters,17152,65014,41232,17028,65014,41453,17282,65017,41141,60.000000,4
EndFrame
SetLocation,-9629.415202,-2441.022575,-4893.458606
SetRotation,0.019229,0.000000,0.999815,-0.040020,0.999198,0.000770,-0.999014,-0.040027,0.019213
SetToolParameters,17119,65014,41248,17028,65014,41453,17282,65017,41141,60.000000,4
EndFrame
SetLocation,-9629.415202,-2441.022575,-4893.458606
SetRotation,0.019229,0.000000,0.999815,-0.040020,0.999198,0.000770,-0.999014,-0.040027,0.019213
SetToolParameters,17087,65015,41275,17028,65014,41453,17282,65017,41141,60.000000,4
EndFrame
SetLocation,-9629.415202,-2441.022575,-4893.458606
SetRotation,0.019229,0.000000,0.999815,-0.040020,0.999198,0.000770,-0.999014,-0.040027,0.019213
SetToolParameters,17098,65034,41310,17028,65014,41453,17282,65017,41141,60.000000,4
EndFrame
SetLocation,-9629.415202,-2441.022575,-4893.458606
SetRotation,0.019229,0.000000,0.999815,-0.040020,0.999198,0.000770,-0.999014,-0.040027,0.019213
SetToolParameters,17084,65040,41333,17028,65014,41453,17282,65017,41141,60.000000,4
EndFrame
SetLocation,-9629.415202,-2441.022575,-4893.458606
SetRotation,0.019229,0.000000,0.999815,-0.040020,0.999198,0.000770,-0.999014,-0.040027,0.019213
SetToolParameters,17088,65053,41355,17028,65014,41453,17282,65017,41141,60.000000,4
EndFrame
SetLocation,-9629.415202,-2441.022575,-4893.458606
SetRotation,0.019229,0.000000,0.999815,-0.040020,0.999198,0.000770,-0.999014,-0.040027,0.019213
SetToolParameters,17086,65058,41361,17028,65014,41453,17282,65017,41141,60.000000,4
EndFrame
SetLocation,-9629.415202,-2441.022575,-4893.458606
SetRotation,0.019229,0.000000,0.999815,-0.040020,0.999198,0.000770,-0.999014,-0.040027,0.019213
SetToolParameters,17084,65061,41364,17028,65014,41453,17282,65017,41141,60.000000,4
EndFrame
SetLocation,-9629.415202,-2441.022575,-4893.458606
SetRotation,0.019229,0.000000,0.999815,-0.040020,0.999198,0.000770,-0.999014,-0.040027,0.019213
SetToolParameters,17084,65061,41365,17028,65014,41453,17282,65017,41141,60.000000,4
EndFrame
SetLocation,-9629.415202,-2441.022575,-4893.458606
SetRotation,0.019229,0.000000,0.999815,-0.040020,0.999198,0.000770,-0.999014,-0.040027,0.019213
SetToolParameters,17084,65061,41365,17028,65014,41453,17282,65017,41141,60.000000,4
EndFrame
SetLocation,-9629.415202,-2441.022575,-4893.458606
SetRotation,0.019229,0.000000,0.999815,-0.040020,0.999198,0.000770,-0.999014,-0.040027,0.019213
SetToolParameters,17084,65061,41365,17028,65014,41453,17282,65017,41141,60.000000,4
EndFrame
SetLocation,-9629.415202,-2441.022575,-4893.458606
SetRotation,0.019229,0.000000,0.999815,-0.040020,0.999198,0.000770,-0.999014,-0.040027,0.019213
SetToolParameters,17084,65061,41365,17028,65014,41453,17282,65017,41141,60.000000,4
EndFrame
SetLocation,-9629.415202,-2441.022575,-4893.458606
SetRotation,0.019229,0.000000,0.999815,-0.040020,0.999198,0.000770,-0.999014,-0.040027,0.019213
SetToolParameters,17084,65061,41365,17028,65014,41453,17282,65017,41141,60.000000,4
EndFrame
SetLocation,-9629.415202,-2441.022575,-4893.458606
SetRotation,0.019229,0.000000,0.999815,-0.040020,0.999198,0.000770,-0.999014,-0.040027,0.019213
SetToolParameters,17084,65061,41365,17028,65014,41453,17282,65017,41141,60.000000,4
EndFrame
SetLocation,-9629.415202,-2441.022575,-4893.458606
SetRotation,0.019229,0.000000,0.999815,-0.040020,0.999198,0.000770,-0.999014,-0.040027,0.019213
SetToolParameters,17084,65061,41365,17028,65014,41453,17282,65017,41141,60.000000,4
EndFrame
SetLocation,-9629.415202,-2441.022575,-4893.458606
SetRotation,0.019229,0.000000,0.999815,-0.040020,0.999198,0.000770,-0.999014,-0.040027,0.019213
SetToolParameters,17084,65061,41365,17028,65014,41453,17282,65017,41141,60.000000,4
EndFrame
SetLocation,-9629.415202,-2441.022575,-4893.458606
SetRotation,0.019229,0.000000,0.999815,-0.040020,0.999198,0.000770,-0.999014,-0.040027,0.019213
SetToolParameters,17084,65061,41365,17028,65014,41453,17282,65017,41141,60.000000,4
EndFrame
SetLocation,-9629.415202,-2441.022575,-4893.458606
SetRotation,0.019229,0.000000,0.999815,-0.040020,0.999198,0.000770,-0.999014,-0.040027,0.019213
SetToolParameters,17084,65061,41365,17028,65014,41453,17282,65017,41141,60.000000,4
EndFrame
SetLocation,-9629.415202,-2441.022575,-4893.458606
SetRotation,0.019229,0.000000,0.999815,-0.040020,0.999198,0.000770,-0.999014,-0.040027,0.019213
SetToolParameters,17084,65061,41365,17028,65014,41453,17282,65017,41141,60.000000,4
EndFrame
SetLocation,-9629.415202,-2441.022575,-4893.458606
SetRotation,0.019229,0.000000,0.999815,-0.040020,0.999198,0.000770,-0.999014,-0.040027,0.019213
SetToolParameters,17085,65059,41362,17028,65014,41453,17282,65017,41141,60.000000,4
EndFrame
SetLocation,-9629.415202,-2441.022575,-4893.458606
SetRotation,0.019229,0.000000,0.999815,-0.040020,0.999198,0.000770,-0.999014,-0.040027,0.019213
SetToolParameters,17087,65057,41359,17028,65014,41453,17282,65017,41141,60.000000,4
EndFrame
SetLocation,-9629.415202,-2441.022575,-4893.458606
SetRotation,0.019229,0.000000,0.999815,-0.040020,0.999198,0.000770,-0.999014,-0.040027,0.019213
SetToolParameters,17088,65056,41356,17028,65014,41453,17282,65017,41141,60.000000,4
EndFrame
SetLocation,-9629.415202,-2441.022575,-4893.458606
SetRotation,0.019229,0.000000,0.999815,-0.040020,0.999198,0.000770,-0.999014,-0.040027,0.019213
SetToolParameters,17089,65055,41352,17028,65014,41453,17282,65017,41141,60.000000,4
EndFrame
SetLocation,-9629.415202,-2441.022575,-4893.458606
SetRotation,0.019229,0.000000,0.999815,-0.040020,0.999198,0.000770,-0.999014,-0.040027,0.019213
SetToolParameters,17089,65054,41350,17028,65014,41453,17282,65017,41141,60.000000,4
EndFrame
SetLocation,-9629.415202,-2441.022575,-4893.458606
SetRotation,0.019229,0.000000,0.999815,-0.040020,0.999198,0.000770,-0.999014,-0.040027,0.019213
SetToolParameters,17089,65054,41348,17028,65014,41453,17282,65017,41141,60.000000,4
EndFrame
SetLocation,-9629.415202,-2441.022575,-4893.458606
SetRotation,0.019229,0.000000,0.999815,-0.040020,0.999198,0.000770,-0.999014,-0.040027,0.019213
SetToolParameters,17087,65053,41345,17028,65014,41453,17282,65017,41141,60.000000,4
EndFrame
SetLocation,-9629.415202,-2441.022575,-4893.458606
SetRotation,0.019229,0.000000,0.999815,-0.040020,0.999198,0.000770,-0.999014,-0.040027,0.019213
SetToolParameters,17085,65053,41342,17028,65014,41453,17282,65017,41141,60.000000,4
EndFrame
SetLocation,-9629.415202,-2441.022575,-4893.458606
SetRotation,0.019229,0.000000,0.999815,-0.040020,0.999198,0.000770,-0.999014,-0.040027,0.019213
SetToolParameters,17082,65052,41340,17028,65014,41453,17282,65017,41141,60.000000,4
EndFrame
SetLocation,-9629.415202,-2441.022575,-4893.458606
SetRotation,0.019229,0.000000,0.999815,-0.040020,0.999198,0.000770,-0.999014,-0.040027,0.019213
SetToolParameters,17082,65052,41338,17028,65014,41453,17282,65017,41141,60.000000,4
EndFrame
SetLocation,-9629.415202,-2441.022575,-4893.458606
SetRotation,0.019229,0.000000,0.999815,-0.040020,0.999198,0.000770,-0.999014,-0.040027,0.019213
SetToolParameters,17081,65052,41336,17028,65014,41453,17282,65017,41141,60.000000,4
EndFrame
SetLocation,-9629.415202,-2441.022575,-4893.458606
SetRotation,0.019229,0.000000,0.999815,-0.040020,0.999198,0.000770,-0.999014,-0.040027,0.019213
SetToolParameters,17081,65053,41334,17028,65014,41453,17282,65017,41141,60.000000,4
EndFrame
SetLocation,-9629.415202,-2441.022575,-4893.458606
SetRotation,0.019229,0.000000,0.999815,-0.040020,0.999198,0.000770,-0.999014,-0.040027,0.019213
SetToolParameters,17081,65054,41332,17028,65014,41453,17282,65017,41141,60.000000,4
EndFrame
SetLocation,-9629.415202,-2441.022575,-4893.458606
SetRotation,0.019229,0.000000,0.999815,-0.040020,0.999198,0.000770,-0.999014,-0.040027,0.019213
SetToolParameters,17081,65054,41332,17028,65014,41453,17282,65017,41141,60.000000,4
EndFrame
SetLocation,-9629.415202,-2441.022575,-4893.458606
SetRotation,0.019229,0.000000,0.999815,-0.040020,0.999198,0.000770,-0.999014,-0.040027,0.019213
SetToolParameters,17084,65055,41330,17028,65014,41453,17282,65017,41141,60.000000,4
EndFrame
SetLocation,-9629.415202,-2441.022575,-4893.458606
SetRotation,0.019229,0.000000,0.999815,-0.040020,0.999198,0.000770,-0.999014,-0.040027,0.019213
SetToolParameters,17091,65058,41327,17028,65014,41453,17282,65017,41141,60.000000,4
EndFrame
SetLocation,-9629.415202,-2441.022575,-4893.458606
SetRotation,0.019229,0.000000,0.999815,-0.040020,0.999198,0.000770,-0.999014,-0.040027,0.019213
SetToolParameters,17091,65058,41324,17028,65014,41453,17282,65017,41141,60.000000,4
EndFrame
SetLocation,-9629.415202,-2441.022575,-4893.458606
SetRotation,0.019229,0.000000,0.999815,-0.040020,0.999198,0.000770,-0.999014,-0.040027,0.019213
SetToolParameters,17091,65059,41321,17028,65014,41453,17282,65017,41141,60.000000,4
EndFrame
SetLocation,-9629.415202,-2441.022575,-4893.458606
SetRotation,0.019229,0.000000,0.999815,-0.040020,0.999198,0.000770,-0.999014,-0.040027,0.019213
SetToolParameters,17091,65059,41320,17028,65014,41453,17282,65017,41141,60.000000,4
EndFrame
SetLocation,-9629.415202,-2441.022575,-4893.458606
SetRotation,0.019229,0.000000,0.999815,-0.040020,0.999198,0.000770,-0.999014,-0.040027,0.019213
SetToolParameters,17091,65059,41320,17028,65014,41453,17282,65017,41141,60.000000,4
EndFrame
SetLocation,-9629.415202,-2441.022575,-4893.458606
SetRotation,0.019229,0.000000,0.999815,-0.040020,0.999198,0.000770,-0.999014,-0.040027,0.019213
SetToolParameters,17091,65059,41319,17028,65014,41453,17282,65017,41141,60.000000,4
EndFrame
SetLocation,-9629.415202,-2441.022575,-4893.458606
SetRotation,0.019229,0.000000,0.999815,-0.040020,0.999198,0.000770,-0.999014,-0.040027,0.019213
SetToolParameters,17091,65059,41319,17028,65014,41453,17282,65017,41141,60.000000,4
EndFrame
SetLocation,-9629.415202,-2441.022575,-4893.458606
SetRotation,0.019229,0.000000,0.999815,-0.040020,0.999198,0.000770,-0.999014,-0.040027,0.019213
SetToolParameters,17091,65059,41319,17028,65014,41453,17282,65017,41141,60.000000,4
EditCopy,17091.000000,65059.000000,41319.000000,17028.000000,65014.000000,41453.000000,17282.000000,65017.000000,41141.000000,60.000000
EndFrame
SetLocation,-9629.415202,-2441.022575,-4893.458606
SetRotation,0.019229,0.000000,0.999815,-0.040020,0.999198,0.000770,-0.999014,-0.040027,0.019213
SetToolParameters,17091,65059,41319,17028,65014,41453,17282,65017,41141,60.000000,4
EditCopy,17091.000000,65059.000000,41319.000000,17028.000000,65014.000000,41453.000000,17282.000000,65017.000000,41141.000000,60.000000
EndFrame
SetLocation,-9629.415202,-2441.022575,-4893.458606
SetRotation,0.019229,0.000000,0.999815,-0.040020,0.999198,0.000770,-0.999014,-0.040027,0.019213
SetToolParameters,17090,65063,41319,17028,65014,41453,17282,65017,41141,60.000000,4
EditCopy,17090.000000,65063.000000,41319.000000,17028.000000,65014.000000,41453.000000,17282.000000,65017.000000,41141.000000,60.000000
EndFrame
SetLocation,-9629.415202,-2441.022575,-4893.458606
SetRotation,0.019229,0.000000,0.999815,-0.040020,0.999198,0.000770,-0.999014,-0.040027,0.019213
SetToolParameters,17090,65083,41319,17028,65014,41453,17282,65017,41141,60.000000,4
EditCopy,17090.000000,65083.000000,41319.000000,17028.000000,65014.000000,41453.000000,17282.000000,65017.000000,41141.000000,60.000000
EndFrame
SetLocation,-9629.415202,-2441.022575,-4893.458606
SetRotation,0.019229,0.000000,0.999815,-0.040020,0.999198,0.000770,-0.999014,-0.040027,0.019213
SetToolParameters,17101,65097,41320,17028,65014,41453,17282,65017,41141,60.000000,4
EditCopy,17101.000000,65097.000000,41320.000000,17028.000000,65014.000000,41453.000000,17282.000000,65017.000000,41141.000000,60.000000
EndFrame
SetLocation,-9629.415202,-2441.022575,-4893.458606
SetRotation,0.019229,0.000000,0.999815,-0.040020,0.999198,0.000770,-0.999014,-0.040027,0.019213
SetToolParameters,17099,65107,41320,17028,65014,41453,17282,65017,41141,60.000000,4
EditCopy,17099.000000,65107.000000,41320.000000,17028.000000,65014.000000,41453.000000,17282.000000,65017.000000,41141.000000,60.000000
EndFrame
SetLocation,-9629.415202,-2441.022575,-4893.458606
SetRotation,0.019229,0.000000,0.999815,-0.040020,0.999198,0.000770,-0.999014,-0.040027,0.019213
SetToolParameters,17098,65121,41320,17028,65014,41453,17282,65017,41141,60.000000,4
EditCopy,17098.000000,65121.000000,41320.000000,17028.000000,65014.000000,41453.000000,17282.000000,65017.000000,41141.000000,60.000000
EndFrame
SetLocation,-9629.415202,-2441.022575,-4893.458606
SetRotation,0.019229,0.000000,0.999815,-0.040020,0.999198,0.000770,-0.999014,-0.040027,0.019213
SetToolParameters,17096,65135,41320,17028,65014,41453,17282,65017,41141,60.000000,4
EditCopy,17096.000000,65135.000000,41320.000000,17028.000000,65014.000000,41453.000000,17282.000000,65017.000000,41141.000000,60.000000
EndFrame
SetLocation,-9629.415202,-2441.022575,-4893.458606
SetRotation,0.019229,0.000000,0.999815,-0.040020,0.999198,0.000770,-0.999014,-0.040027,0.019213
SetToolParameters,17094,65154,41320,17028,65014,41453,17282,65017,41141,60.000000,4
EditCopy,17094.000000,65154.000000,41320.000000,17028.000000,65014.000000,41453.000000,17282.000000,65017.000000,41141.000000,60.000000
EndFrame
SetLocation,-9629.415202,-2441.022575,-4893.458606
SetRotation,0.019229,0.000000,0.999815,-0.040020,0.999198,0.000770,-0.999014,-0.040027,0.019213
SetToolParameters,17091,65170,41320,17028,65014,41453,17282,65017,41141,60.000000,4
EditCopy,17091.000000,65170.000000,41320.000000,17028.000000,65014.000000,41453.000000,17282.000000,65017.000000,41141.000000,60.000000
EndFrame
SetLocation,-9629.415202,-2441.022575,-4893.458606
SetRotation,0.019229,0.000000,0.999815,-0.040020,0.999198,0.000770,-0.999014,-0.040027,0.019213
SetToolParameters,17090,65184,41320,17028,65014,41453,17282,65017,41141,60.000000,4
EditCopy,17090.000000,65184.000000,41320.000000,17028.000000,65014.000000,41453.000000,17282.000000,65017.000000,41141.000000,60.000000
EndFrame
SetLocation,-9629.415202,-2441.022575,-4893.458606
SetRotation,0.019229,0.000000,0.999815,-0.040020,0.999198,0.000770,-0.999014,-0.040027,0.019213
SetToolParameters,17088,65198,41319,17028,65014,41453,17282,65017,41141,60.000000,4
EditCopy,17088.000000,65198.000000,41319.000000,17028.000000,65014.000000,41453.000000,17282.000000,65017.000000,41141.000000,60.000000
EndFrame
SetLocation,-9629.415202,-2441.022575,-4893.458606
SetRotation,0.019229,0.000000,0.999815,-0.040020,0.999198,0.000770,-0.999014,-0.040027,0.019213
SetToolParameters,17084,65218,41319,17028,65014,41453,17282,65017,41141,60.000000,4
EditCopy,17084.000000,65218.000000,41319.000000,17028.000000,65014.000000,41453.000000,17282.000000,65017.000000,41141.000000,60.000000
EndFrame
SetLocation,-9629.415202,-2441.022575,-4893.458606
SetRotation,0.019229,0.000000,0.999815,-0.040020,0.999198,0.000770,-0.999014,-0.040027,0.019213
SetToolParameters,17082,65237,41319,17028,65014,41453,17282,65017,41141,60.000000,4
EditCopy,17082.000000,65237.000000,41319.000000,17028.000000,65014.000000,41453.000000,17282.000000,65017.000000,41141.000000,60.000000
EndFrame
SetLocation,-9629.415202,-2441.022575,-4893.458606
SetRotation,0.019229,0.000000,0.999815,-0.040020,0.999198,0.000770,-0.999014,-0.040027,0.019213
SetToolParameters,17081,65251,41319,17028,65014,41453,17282,65017,41141,60.000000,4
EditCopy,17081.000000,65251.000000,41319.000000,17028.000000,65014.000000,41453.000000,17282.000000,65017.000000,41141.000000,60.000000
EndFrame
SetLocation,-9629.415202,-2441.022575,-4893.458606
SetRotation,0.019229,0.000000,0.999815,-0.040020,0.999198,0.000770,-0.999014,-0.040027,0.019213
SetToolParameters,17081,65263,41321,17028,65014,41453,17282,65017,41141,60.000000,4
EditCopy,17081.000000,65263.000000,41321.000000,17028.000000,65014.000000,41453.000000,17282.000000,65017.000000,41141.000000,60.000000
EndFrame
SetLocation,-9629.415202,-2441.022575,-4893.458606
SetRotation,0.019229,0.000000,0.999815,-0.040020,0.999198,0.000770,-0.999014,-0.040027,0.019213
SetToolParameters,17095,65278,41323,17028,65014,41453,17282,65017,41141,60.000000,4
EditCopy,17095.000000,65278.000000,41323.000000,17028.000000,65014.000000,41453.000000,17282.000000,65017.000000,41141.000000,60.000000
EndFrame
SetLocation,-9629.415202,-2441.022575,-4893.458606
SetRotation,0.019229,0.000000,0.999815,-0.040020,0.999198,0.000770,-0.999014,-0.040027,0.019213
SetToolParameters,17087,65297,41326,17028,65014,41453,17282,65017,41141,60.000000,4
EditCopy,17087.000000,65297.000000,41326.000000,17028.000000,65014.000000,41453.000000,17282.000000,65017.000000,41141.000000,60.000000
EndFrame
SetLocation,-9629.415202,-2441.022575,-4893.458606
SetRotation,0.019229,0.000000,0.999815,-0.040020,0.999198,0.000770,-0.999014,-0.040027,0.019213
SetToolParameters,17081,65316,41328,17028,65014,41453,17282,65017,41141,60.000000,4
EditCopy,17081.000000,65316.000000,41328.000000,17028.000000,65014.000000,41453.000000,17282.000000,65017.000000,41141.000000,60.000000
EndFrame
SetLocation,-9629.415202,-2441.022575,-4893.458606
SetRotation,0.019229,0.000000,0.999815,-0.040020,0.999198,0.000770,-0.999014,-0.040027,0.019213
SetToolParameters,17078,65328,41330,17028,65014,41453,17282,65017,41141,60.000000,4
EditCopy,17078.000000,65328.000000,41330.000000,17028.000000,65014.000000,41453.000000,17282.000000,65017.000000,41141.000000,60.000000
EndFrame
SetLocation,-9629.415202,-2441.022575,-4893.458606
SetRotation,0.019229,0.000000,0.999815,-0.040020,0.999198,0.000770,-0.999014,-0.040027,0.019213
SetToolParameters,17073,65340,41333,17028,65014,41453,17282,65017,41141,60.000000,4
EditCopy,17073.000000,65340.000000,41333.000000,17028.000000,65014.000000,41453.000000,17282.000000,65017.000000,41141.000000,60.000000
EndFrame
SetLocation,-9629.415202,-2441.022575,-4893.458606
SetRotation,0.019229,0.000000,0.999815,-0.040020,0.999198,0.000770,-0.999014,-0.040027,0.019213
SetToolParameters,17050,65351,41335,17028,65014,41453,17282,65017,41141,60.000000,4
EditCopy,17050.000000,65351.000000,41335.000000,17028.000000,65014.000000,41453.000000,17282.000000,65017.000000,41141.000000,60.000000
EndFrame
SetLocation,-9629.415202,-2441.022575,-4893.458606
SetRotation,0.019229,0.000000,0.999815,-0.040020,0.999198,0.000770,-0.999014,-0.040027,0.019213
SetToolParameters,17065,65359,41339,17028,65014,41453,17282,65017,41141,60.000000,4
EditCopy,17065.000000,65359.000000,41339.000000,17028.000000,65014.000000,41453.000000,17282.000000,65017.000000,41141.000000,60.000000
EndFrame
SetLocation,-9629.415202,-2441.022575,-4893.458606
SetRotation,0.019229,0.000000,0.999815,-0.040020,0.999198,0.000770,-0.999014,-0.040027,0.019213
SetToolParameters,17075,65369,41343,17028,65014,41453,17282,65017,41141,60.000000,4
EditCopy,17075.000000,65369.000000,41343.000000,17028.000000,65014.000000,41453.000000,17282.000000,65017.000000,41141.000000,60.000000
EndFrame
SetLocation,-9629.415202,-2441.022575,-4893.458606
SetRotation,0.019229,0.000000,0.999815,-0.040020,0.999198,0.000770,-0.999014,-0.040027,0.019213
SetToolParameters,17074,65374,41346,17028,65014,41453,17282,65017,41141,60.000000,4
EditCopy,17074.000000,65374.000000,41346.000000,17028.000000,65014.000000,41453.000000,17282.000000,65017.000000,41141.000000,60.000000
EndFrame
SetLocation,-9629.415202,-2441.022575,-4893.458606
SetRotation,0.019229,0.000000,0.999815,-0.040020,0.999198,0.000770,-0.999014,-0.040027,0.019213
SetToolParameters,17072,65376,41347,17028,65014,41453,17282,65017,41141,60.000000,4
EditCopy,17072.000000,65376.000000,41347.000000,17028.000000,65014.000000,41453.000000,17282.000000,65017.000000,41141.000000,60.000000
EndFrame
SetLocation,-9629.415202,-2441.022575,-4893.458606
SetRotation,0.019229,0.000000,0.999815,-0.040020,0.999198,0.000770,-0.999014,-0.040027,0.019213
SetToolParameters,17072,65376,41347,17028,65014,41453,17282,65017,41141,60.000000,4
EditCopy,17072.000000,65376.000000,41347.000000,17028.000000,65014.000000,41453.000000,17282.000000,65017.000000,41141.000000,60.000000
EndFrame
SetLocation,-9629.415202,-2441.022575,-4893.458606
SetRotation,0.019229,0.000000,0.999815,-0.040020,0.999198,0.000770,-0.999014,-0.040027,0.019213
SetToolParameters,17071,65376,41349,17028,65014,41453,17282,65017,41141,60.000000,4
EditCopy,17071.000000,65376.000000,41349.000000,17028.000000,65014.000000,41453.000000,17282.000000,65017.000000,41141.000000,60.000000
EndFrame
SetLocation,-9629.415202,-2441.022575,-4893.458606
SetRotation,0.019229,0.000000,0.999815,-0.040020,0.999198,0.000770,-0.999014,-0.040027,0.019213
SetToolParameters,17082,65367,41355,17028,65014,41453,17282,65017,41141,60.000000,4
EditCopy,17082.000000,65367.000000,41355.000000,17028.000000,65014.000000,41453.000000,17282.000000,65017.000000,41141.000000,60.000000
EndFrame
SetLocation,-9629.415202,-2441.022575,-4893.458606
SetRotation,0.019229,0.000000,0.999815,-0.040020,0.999198,0.000770,-0.999014,-0.040027,0.019213
SetToolParameters,17082,65366,41355,17028,65014,41453,17282,65017,41141,60.000000,4
EditCopy,17082.000000,65366.000000,41355.000000,17028.000000,65014.000000,41453.000000,17282.000000,65017.000000,41141.000000,60.000000
EndFrame
SetLocation,-9629.415202,-2441.022575,-4893.458606
SetRotation,0.019229,0.000000,0.999815,-0.040020,0.999198,0.000770,-0.999014,-0.040027,0.019213
SetToolParameters,17078,65353,41359,17028,65014,41453,17282,65017,41141,60.000000,4
EditCopy,17078.000000,65353.000000,41359.000000,17028.000000,65014.000000,41453.000000,17282.000000,65017.000000,41141.000000,60.000000
EndFrame
SetLocation,-9629.415202,-2441.022575,-4893.458606
SetRotation,0.019229,0.000000,0.999815,-0.040020,0.999198,0.000770,-0.999014,-0.040027,0.019213
SetToolParameters,17076,65344,41362,17028,65014,41453,17282,65017,41141,60.000000,4
EditCopy,17076.000000,65344.000000,41362.000000,17028.000000,65014.000000,41453.000000,17282.000000,65017.000000,41141.000000,60.000000
EndFrame
SetLocation,-9629.415202,-2441.022575,-4893.458606
SetRotation,0.019229,0.000000,0.999815,-0.040020,0.999198,0.000770,-0.999014,-0.040027,0.019213
SetToolParameters,17078,65329,41362,17028,65014,41453,17282,65017,41141,60.000000,4
EditCopy,17078.000000,65329.000000,41362.000000,17028.000000,65014.000000,41453.000000,17282.000000,65017.000000,41141.000000,60.000000
EndFrame
SetLocation,-9629.415202,-2441.022575,-4893.458606
SetRotation,0.019229,0.000000,0.999815,-0.040020,0.999198,0.000770,-0.999014,-0.040027,0.019213
SetToolParameters,17082,65310,41367,17028,65014,41453,17282,65017,41141,60.000000,4
EditCopy,17082.000000,65310.000000,41367.000000,17028.000000,65014.000000,41453.000000,17282.000000,65017.000000,41141.000000,60.000000
EndFrame
SetLocation,-9629.415202,-2441.022575,-4893.458606
SetRotation,0.019229,0.000000,0.999815,-0.040020,0.999198,0.000770,-0.999014,-0.040027,0.019213
SetToolParameters,17088,65295,41371,17028,65014,41453,17282,65017,41141,60.000000,4
EditCopy,17088.000000,65295.000000,41371.000000,17028.000000,65014.000000,41453.000000,17282.000000,65017.000000,41141.000000,60.000000
EndFrame
SetLocation,-9629.415202,-2441.022575,-4893.458606
SetRotation,0.019229,0.000000,0.999815,-0.040020,0.999198,0.000770,-0.999014,-0.040027,0.019213
SetToolParameters,17100,65287,41373,17028,65014,41453,17282,65017,41141,60.000000,4
EditCopy,17100.000000,65287.000000,41373.000000,17028.000000,65014.000000,41453.000000,17282.000000,65017.000000,41141.000000,60.000000
EndFrame
SetLocation,-9629.415202,-2441.022575,-4893.458606
SetRotation,0.019229,0.000000,0.999815,-0.040020,0.999198,0.000770,-0.999014,-0.040027,0.019213
SetToolParameters,17106,65280,41376,17028,65014,41453,17282,65017,41141,60.000000,4
EditCopy,17106.000000,65280.000000,41376.000000,17028.000000,65014.000000,41453.000000,17282.000000,65017.000000,41141.000000,60.000000
EndFrame
SetLocation,-9629.415202,-2441.022575,-4893.458606
SetRotation,0.019229,0.000000,0.999815,-0.040020,0.999198,0.000770,-0.999014,-0.040027,0.019213
SetToolParameters,17106,65269,41380,17028,65014,41453,17282,65017,41141,60.000000,4
EditCopy,17106.000000,65269.000000,41380.000000,17028.000000,65014.000000,41453.000000,17282.000000,65017.000000,41141.000000,60.000000
EndFrame
SetLocation,-9629.415202,-2441.022575,-4893.458606
SetRotation,0.019229,0.000000,0.999815,-0.040020,0.999198,0.000770,-0.999014,-0.040027,0.019213
SetToolParameters,17103,65255,41386,17028,65014,41453,17282,65017,41141,60.000000,4
EditCopy,17103.000000,65255.000000,41386.000000,17028.000000,65014.000000,41453.000000,17282.000000,65017.000000,41141.000000,60.000000
EndFrame
SetLocation,-9629.415202,-2441.022575,-4893.458606
SetRotation,0.019229,0.000000,0.999815,-0.040020,0.999198,0.000770,-0.999014,-0.040027,0.019213
SetToolParameters,17103,65245,41387,17028,65014,41453,17282,65017,41141,60.000000,4
EditCopy,17103.000000,65245.000000,41387.000000,17028.000000,65014.000000,41453.000000,17282.000000,65017.000000,41141.000000,60.000000
EndFrame
SetLocation,-9629.415202,-2441.022575,-4893.458606
SetRotation,0.019229,0.000000,0.999815,-0.040020,0.999198,0.000770,-0.999014,-0.040027,0.019213
SetToolParameters,17101,65236,41389,17028,65014,41453,17282,65017,41141,60.000000,4
EditCopy,17101.000000,65236.000000,41389.000000,17028.000000,65014.000000,41453.000000,17282.000000,65017.000000,41141.000000,60.000000
EndFrame
SetLocation,-9629.415202,-2441.022575,-4893.458606
SetRotation,0.019229,0.000000,0.999815,-0.040020,0.999198,0.000770,-0.999014,-0.040027,0.019213
SetToolParameters,17100,65223,41389,17028,65014,41453,17282,65017,41141,60.000000,4
EditCopy,17100.000000,65223.000000,41389.000000,17028.000000,65014.000000,41453.000000,17282.000000,65017.000000,41141.000000,60.000000
EndFrame
SetLocation,-9629.415202,-2441.022575,-4893.458606
SetRotation,0.019229,0.000000,0.999815,-0.040020,0.999198,0.000770,-0.999014,-0.040027,0.019213
SetToolParameters,17099,65212,41389,17028,65014,41453,17282,65017,41141,60.000000,4
EditCopy,17099.000000,65212.000000,41389.000000,17028.000000,65014.000000,41453.000000,17282.000000,65017.000000,41141.000000,60.000000
EndFrame
SetLocation,-9629.415202,-2441.022575,-4893.458606
SetRotation,0.019229,0.000000,0.999815,-0.040020,0.999198,0.000770,-0.999014,-0.040027,0.019213
SetToolParameters,17097,65203,41389,17028,65014,41453,17282,65017,41141,60.000000,4
EditCopy,17097.000000,65203.000000,41389.000000,17028.000000,65014.000000,41453.000000,17282.000000,65017.000000,41141.000000,60.000000
EndFrame
SetLocation,-9629.415202,-2441.022575,-4893.458606
SetRotation,0.019229,0.000000,0.999815,-0.040020,0.999198,0.000770,-0.999014,-0.040027,0.019213
SetToolParameters,17079,65187,41387,17028,65014,41453,17282,65017,41141,60.000000,4
EditCopy,17079.000000,65187.000000,41387.000000,17028.000000,65014.000000,41453.000000,17282.000000,65017.000000,41141.000000,60.000000
EndFrame
SetLocation,-9629.415202,-2441.022575,-4893.458606
SetRotation,0.019229,0.000000,0.999815,-0.040020,0.999198,0.000770,-0.999014,-0.040027,0.019213
SetToolParameters,17085,65172,41386,17028,65014,41453,17282,65017,41141,60.000000,4
EditCopy,17085.000000,65172.000000,41386.000000,17028.000000,65014.000000,41453.000000,17282.000000,65017.000000,41141.000000,60.000000
EndFrame
SetLocation,-9629.415202,-2441.022575,-4893.458606
SetRotation,0.019229,0.000000,0.999815,-0.040020,0.999198,0.000770,-0.999014,-0.040027,0.019213
SetToolParameters,17088,65157,41386,17028,65014,41453,17282,65017,41141,60.000000,4
EditCopy,17088.000000,65157.000000,41386.000000,17028.000000,65014.000000,41453.000000,17282.000000,65017.000000,41141.000000,60.000000
EndFrame
