SetLocation,-13076.171792,-1671.669064,5849.330320
SetRotation,-0.573465,0.000000,-0.819230,-0.034067,0.999135,0.023847,0.818522,0.041585,-0.572969
EndFrame
SetLocation,-13076.171792,-1671.669064,5849.330320
SetRotation,-0.573465,0.000000,-0.819230,-0.034067,0.999135,0.023847,0.818522,0.041585,-0.572969
EndFrame
SetLocation,-13076.171792,-1671.669064,5849.330320
SetRotation,-0.573465,0.000000,-0.819230,-0.034067,0.999135,0.023847,0.818522,0.041585,-0.572969
EndFrame
SetLocation,-13076.171792,-1671.669064,5849.330320
SetRotation,-0.573465,0.000000,-0.819230,-0.034067,0.999135,0.023847,0.818522,0.041585,-0.572969
EndFrame
SetLocation,-13076.171792,-1671.669064,5849.330320
SetRotation,-0.573465,0.000000,-0.819230,-0.034067,0.999135,0.023847,0.818522,0.041585,-0.572969
EndFrame
SetLocation,-13076.171792,-1671.669064,5849.330320
SetRotation,-0.573465,0.000000,-0.819230,-0.034067,0.999135,0.023847,0.818522,0.041585,-0.572969
EndFrame
SetLocation,-13076.171792,-1671.669064,5849.330320
SetRotation,-0.573465,0.000000,-0.819230,-0.034067,0.999135,0.023847,0.818522,0.041585,-0.572969
EndFrame
SetLocation,-13076.171792,-1671.669064,5849.330320
SetRotation,-0.573465,0.000000,-0.819230,-0.034067,0.999135,0.023847,0.818522,0.041585,-0.572969
EndFrame
SetLocation,-13076.171792,-1671.669064,5849.330320
SetRotation,-0.573465,0.000000,-0.819230,-0.034067,0.999135,0.023847,0.818522,0.041585,-0.572969
EndFrame
SetLocation,-13076.171792,-1671.669064,5849.330320
SetRotation,-0.573465,0.000000,-0.819230,-0.034067,0.999135,0.023847,0.818522,0.041585,-0.572969
EndFrame
SetLocation,-13076.171792,-1671.669064,5849.330320
SetRotation,-0.573465,0.000000,-0.819230,-0.034067,0.999135,0.023847,0.818522,0.041585,-0.572969
EndFrame
SetLocation,-13076.171792,-1671.669064,5849.330320
SetRotation,-0.573465,0.000000,-0.819230,-0.034067,0.999135,0.023847,0.818522,0.041585,-0.572969
EndFrame
SetLocation,-13076.171792,-1671.669064,5849.330320
SetRotation,-0.573465,0.000000,-0.819230,-0.034067,0.999135,0.023847,0.818522,0.041585,-0.572969
EndFrame
SetLocation,-13076.171792,-1671.669064,5849.330320
SetRotation,-0.573465,0.000000,-0.819230,-0.034067,0.999135,0.023847,0.818522,0.041585,-0.572969
EndFrame
SetLocation,-13076.171792,-1671.669064,5849.330320
SetRotation,-0.573465,0.000000,-0.819230,-0.034067,0.999135,0.023847,0.818522,0.041585,-0.572969
EndFrame
SetLocation,-13076.171792,-1671.669064,5849.330320
SetRotation,-0.573465,0.000000,-0.819230,-0.034067,0.999135,0.023847,0.818522,0.041585,-0.572969
EndFrame
SetLocation,-13076.171792,-1671.669064,5849.330320
SetRotation,-0.573465,0.000000,-0.819230,-0.034067,0.999135,0.023847,0.818522,0.041585,-0.572969
EndFrame
SetLocation,-13076.171792,-1671.669064,5849.330320
SetRotation,-0.573465,0.000000,-0.819230,-0.034067,0.999135,0.023847,0.818522,0.041585,-0.572969
EndFrame
SetLocation,-13076.171792,-1671.669064,5849.330320
SetRotation,-0.573465,0.000000,-0.819230,-0.034067,0.999135,0.023847,0.818522,0.041585,-0.572969
EndFrame
SetLocation,-13076.171792,-1671.669064,5849.330320
SetRotation,-0.573465,0.000000,-0.819230,-0.034067,0.999135,0.023847,0.818522,0.041585,-0.572969
EndFrame
SetLocation,-13076.171792,-1671.669064,5849.330320
SetRotation,-0.573465,0.000000,-0.819230,-0.034067,0.999135,0.023847,0.818522,0.041585,-0.572969
EndFrame
SetLocation,-13076.171792,-1671.669064,5849.330320
SetRotation,-0.573465,0.000000,-0.819230,-0.034067,0.999135,0.023847,0.818522,0.041585,-0.572969
EndFrame
SetLocation,-13076.171792,-1671.669064,5849.330320
SetRotation,-0.573465,0.000000,-0.819230,-0.034067,0.999135,0.023847,0.818522,0.041585,-0.572969
EndFrame
SetLocation,-13076.171792,-1671.669064,5849.330320
SetRotation,-0.573465,0.000000,-0.819230,-0.034067,0.999135,0.023847,0.818522,0.041585,-0.572969
EndFrame
SetLocation,-13076.171792,-1671.669064,5849.330320
SetRotation,-0.573465,0.000000,-0.819230,-0.034067,0.999135,0.023847,0.818522,0.041585,-0.572969
EndFrame
SetLocation,-13076.171792,-1671.669064,5849.330320
SetRotation,-0.573465,0.000000,-0.819230,-0.034067,0.999135,0.023847,0.818522,0.041585,-0.572969
EditSphere,14483.000000,33332.000000,24591.000000,3.000000,true
EndFrame
SetLocation,-13076.171792,-1671.669064,5849.330320
SetRotation,-0.573465,0.000000,-0.819230,-0.034067,0.999135,0.023847,0.818522,0.041585,-0.572969
EditSphere,14480.000000,33332.000000,24592.000000,4.000000,true
EndFrame
SetLocation,-13076.171792,-1671.669064,5849.330320
SetRotation,-0.573465,0.000000,-0.819230,-0.034067,0.999135,0.023847,0.818522,0.041585,-0.572969
EditSphere,14476.000000,33332.000000,24594.000000,5.000000,true
EndFrame
SetLocation,-13076.171792,-1671.669064,5849.330320
SetRotation,-0.573465,0.000000,-0.819230,-0.034067,0.999135,0.023847,0.818522,0.041585,-0.572969
EditSphere,14471.000000,33332.000000,24595.000000,6.000000,true
EndFrame
SetLocation,-13076.171792,-1671.669064,5849.330320
SetRotation,-0.573465,0.000000,-0.819230,-0.034067,0.999135,0.023847,0.818522,0.041585,-0.572969
EditSphere,14465.000000,33331.000000,24597.000000,7.000000,true
EndFrame
SetLocation,-13076.171792,-1671.669064,5849.330320
SetRotation,-0.573465,0.000000,-0.819230,-0.034067,0.999135,0.023847,0.818522,0.041585,-0.572969
EditSphere,14458.000000,33331.000000,24599.000000,8.000000,true
EndFrame
SetLocation,-13076.171792,-1671.669064,5849.330320
SetRotation,-0.573465,0.000000,-0.819230,-0.034067,0.999135,0.023847,0.818522,0.041585,-0.572969
EditSphere,14450.000000,33331.000000,24602.000000,9.000000,true
EndFrame
SetLocation,-13076.171792,-1671.669064,5849.330320
SetRotation,-0.573465,0.000000,-0.819230,-0.034067,0.999135,0.023847,0.818522,0.041585,-0.572969
EditSphere,14441.000000,33331.000000,24605.000000,10.000000,true
EndFrame
SetLocation,-13076.171792,-1671.669064,5849.330320
SetRotation,-0.573465,0.000000,-0.819230,-0.034067,0.999135,0.023847,0.818522,0.041585,-0.572969
EditSphere,14431.000000,33330.000000,24608.000000,11.000000,true
EndFrame
SetLocation,-13076.171792,-1671.669064,5849.330320
SetRotation,-0.573465,0.000000,-0.819230,-0.034067,0.999135,0.023847,0.818522,0.041585,-0.572969
EditSphere,14420.000000,33330.000000,24611.000000,12.000000,true
EndFrame
SetLocation,-13076.171792,-1671.669064,5849.330320
SetRotation,-0.573465,0.000000,-0.819230,-0.034067,0.999135,0.023847,0.818522,0.041585,-0.572969
EditSphere,14408.000000,33330.000000,24615.000000,13.000000,true
EndFrame
SetLocation,-13076.171792,-1671.669064,5849.330320
SetRotation,-0.573465,0.000000,-0.819230,-0.034067,0.999135,0.023847,0.818522,0.041585,-0.572969
EditSphere,14395.000000,33329.000000,24619.000000,14.000000,true
EndFrame
SetLocation,-13076.171792,-1671.669064,5849.330320
SetRotation,-0.573465,0.000000,-0.819230,-0.034067,0.999135,0.023847,0.818522,0.041585,-0.572969
EditSphere,14381.000000,33329.000000,24624.000000,15.000000,true
EndFrame
SetLocation,-13076.171792,-1671.669064,5849.330320
SetRotation,-0.573465,0.000000,-0.819230,-0.034067,0.999135,0.023847,0.818522,0.041585,-0.572969
EditSphere,14366.000000,33328.000000,24628.000000,16.000000,true
EndFrame
SetLocation,-13076.171792,-1671.669064,5849.330320
SetRotation,-0.573465,0.000000,-0.819230,-0.034067,0.999135,0.023847,0.818522,0.041585,-0.572969
EditSphere,14318.000000,33279.000000,24642.000000,17.000000,true
EndFrame
SetLocation,-13076.171792,-1671.669064,5849.330320
SetRotation,-0.573465,0.000000,-0.819230,-0.034067,0.999135,0.023847,0.818522,0.041585,-0.572969
EditSphere,14302.000000,33279.000000,24648.000000,18.000000,true
EndFrame
SetLocation,-13076.171792,-1671.669064,5849.330320
SetRotation,-0.573465,0.000000,-0.819230,-0.034067,0.999135,0.023847,0.818522,0.041585,-0.572969
EditSphere,14284.000000,33278.000000,24653.000000,19.000000,true
EndFrame
SetLocation,-13076.171792,-1671.669064,5849.330320
SetRotation,-0.573465,0.000000,-0.819230,-0.034067,0.999135,0.023847,0.818522,0.041585,-0.572969
EditSphere,14272.000000,33262.000000,24657.000000,20.000000,true
EndFrame
SetLocation,-13076.171792,-1671.669064,5849.330320
SetRotation,-0.573465,0.000000,-0.819230,-0.034067,0.999135,0.023847,0.818522,0.041585,-0.572969
EditSphere,14228.000000,33245.000000,24663.000000,21.000000,true
EndFrame
SetLocation,-13076.171792,-1671.669064,5849.330320
SetRotation,-0.573465,0.000000,-0.819230,-0.034067,0.999135,0.023847,0.818522,0.041585,-0.572969
EditSphere,14171.000000,33213.000000,24673.000000,22.000000,true
EndFrame
SetLocation,-13076.171792,-1671.669064,5849.330320
SetRotation,-0.573465,0.000000,-0.819230,-0.034067,0.999135,0.023847,0.818522,0.041585,-0.572969
EditSphere,14149.000000,33213.000000,24679.000000,23.000000,true
EndFrame
SetLocation,-13076.171792,-1671.669064,5849.330320
SetRotation,-0.573465,0.000000,-0.819230,-0.034067,0.999135,0.023847,0.818522,0.041585,-0.572969
EditSphere,14127.000000,33212.000000,24687.000000,24.000000,true
EndFrame
SetLocation,-13076.171792,-1671.669064,5849.330320
SetRotation,-0.573465,0.000000,-0.819230,-0.034067,0.999135,0.023847,0.818522,0.041585,-0.572969
EditSphere,14108.000000,33196.000000,24685.000000,25.000000,true
EndFrame
SetLocation,-13076.171792,-1671.669064,5849.330320
SetRotation,-0.573465,0.000000,-0.819230,-0.034067,0.999135,0.023847,0.818522,0.041585,-0.572969
EditSphere,14084.000000,33196.000000,24692.000000,26.000000,true
EndFrame
SetLocation,-13076.171792,-1671.669064,5849.330320
SetRotation,-0.573465,0.000000,-0.819230,-0.034067,0.999135,0.023847,0.818522,0.041585,-0.572969
EditSphere,14064.000000,33180.000000,24683.000000,27.000000,true
EndFrame
SetLocation,-13076.171792,-1671.669064,5849.330320
SetRotation,-0.573465,0.000000,-0.819230,-0.034067,0.999135,0.023847,0.818522,0.041585,-0.572969
EditSphere,14038.000000,33180.000000,24691.000000,28.000000,true
EndFrame
SetLocation,-13076.171792,-1671.669064,5849.330320
SetRotation,-0.573465,0.000000,-0.819230,-0.034067,0.999135,0.023847,0.818522,0.041585,-0.572969
EditSphere,14013.000000,33134.000000,24675.000000,29.000000,true
EndFrame
SetLocation,-13076.171792,-1671.669064,5849.330320
SetRotation,-0.573465,0.000000,-0.819230,-0.034067,0.999135,0.023847,0.818522,0.041585,-0.572969
EditSphere,13988.000000,33119.000000,24668.000000,30.000000,true
EndFrame
SetLocation,-13076.171792,-1671.669064,5849.330320
SetRotation,-0.573465,0.000000,-0.819230,-0.034067,0.999135,0.023847,0.818522,0.041585,-0.572969
EditSphere,13962.000000,33103.000000,24661.000000,31.000000,true
EndFrame
SetLocation,-13076.171792,-1671.669064,5849.330320
SetRotation,-0.573465,0.000000,-0.819230,-0.034067,0.999135,0.023847,0.818522,0.041585,-0.572969
EditSphere,13931.000000,33096.000000,24656.000000,32.000000,true
EndFrame
SetLocation,-13076.171792,-1671.669064,5849.330320
SetRotation,-0.573465,0.000000,-0.819230,-0.034067,0.999135,0.023847,0.818522,0.041585,-0.572969
EditSphere,13900.000000,33096.000000,24666.000000,33.000000,true
EndFrame
SetLocation,-13076.171792,-1671.669064,5849.330320
SetRotation,-0.573465,0.000000,-0.819230,-0.034067,0.999135,0.023847,0.818522,0.041585,-0.572969
EditSphere,13867.000000,33088.000000,24669.000000,34.000000,true
EndFrame
SetLocation,-13076.171792,-1671.669064,5849.330320
SetRotation,-0.573465,0.000000,-0.819230,-0.034067,0.999135,0.023847,0.818522,0.041585,-0.572969
EditSphere,13850.000000,33058.000000,24675.000000,35.000000,true
EndFrame
SetLocation,-13076.171792,-1671.669064,5849.330320
SetRotation,-0.573465,0.000000,-0.819230,-0.034067,0.999135,0.023847,0.818522,0.041585,-0.572969
EditSphere,13827.000000,33035.000000,24659.000000,36.000000,true
EndFrame
SetLocation,-13076.171792,-1671.669064,5849.330320
SetRotation,-0.573465,0.000000,-0.819230,-0.034067,0.999135,0.023847,0.818522,0.041585,-0.572969
EditSphere,13791.000000,33028.000000,24664.000000,37.000000,true
EndFrame
SetLocation,-13076.171792,-1671.669064,5849.330320
SetRotation,-0.573465,0.000000,-0.819230,-0.034067,0.999135,0.023847,0.818522,0.041585,-0.572969
EditSphere,13755.000000,33029.000000,24675.000000,38.000000,true
EndFrame
SetLocation,-13076.171792,-1671.669064,5849.330320
SetRotation,-0.573465,0.000000,-0.819230,-0.034067,0.999135,0.023847,0.818522,0.041585,-0.572969
EditSphere,13717.000000,33021.000000,24673.000000,39.000000,true
EndFrame
SetLocation,-13076.171792,-1671.669064,5849.330320
SetRotation,-0.573465,0.000000,-0.819230,-0.034067,0.999135,0.023847,0.818522,0.041585,-0.572969
EditSphere,13678.000000,33022.000000,24679.000000,40.000000,true
EndFrame
SetLocation,-13076.171792,-1671.669064,5849.330320
SetRotation,-0.573465,0.000000,-0.819230,-0.034067,0.999135,0.023847,0.818522,0.041585,-0.572969
EditSphere,13756.000000,32983.000000,24530.000000,41.000000,true
EndFrame
SetLocation,-13076.171792,-1671.669064,5849.330320
SetRotation,-0.573465,0.000000,-0.819230,-0.034067,0.999135,0.023847,0.818522,0.041585,-0.572969
EditSphere,13711.000000,32960.000000,24445.000000,42.000000,true
EndFrame
SetLocation,-13076.171792,-1671.669064,5849.330320
SetRotation,-0.573465,0.000000,-0.819230,-0.034067,0.999135,0.023847,0.818522,0.041585,-0.572969
EditSphere,13669.000000,32961.000000,24446.000000,43.000000,true
EndFrame
SetLocation,-13076.171792,-1671.669064,5849.330320
SetRotation,-0.573465,0.000000,-0.819230,-0.034067,0.999135,0.023847,0.818522,0.041585,-0.572969
EditSphere,13626.000000,32961.000000,24454.000000,44.000000,true
EndFrame
SetLocation,-13076.171792,-1671.669064,5849.330320
SetRotation,-0.573465,0.000000,-0.819230,-0.034067,0.999135,0.023847,0.818522,0.041585,-0.572969
EditSphere,13588.000000,32962.000000,24430.000000,45.000000,true
EndFrame
SetLocation,-13076.171792,-1671.669064,5849.330320
SetRotation,-0.573465,0.000000,-0.819230,-0.034067,0.999135,0.023847,0.818522,0.041585,-0.572969
EditSphere,13556.000000,32924.000000,24325.000000,46.000000,true
EndFrame
SetLocation,-13076.171792,-1671.669064,5849.330320
SetRotation,-0.573465,0.000000,-0.819230,-0.034067,0.999135,0.023847,0.818522,0.041585,-0.572969
EditSphere,13515.000000,32924.000000,24286.000000,47.000000,true
EndFrame
SetLocation,-13076.171792,-1671.669064,5849.330320
SetRotation,-0.573465,0.000000,-0.819230,-0.034067,0.999135,0.023847,0.818522,0.041585,-0.572969
EditSphere,13468.000000,32925.000000,24290.000000,48.000000,true
EndFrame
SetLocation,-13076.171792,-1671.669064,5849.330320
SetRotation,-0.573465,0.000000,-0.819230,-0.034067,0.999135,0.023847,0.818522,0.041585,-0.572969
EditSphere,13453.000000,32924.000000,24217.000000,49.000000,true
EndFrame
SetLocation,-13076.171792,-1671.669064,5849.330320
SetRotation,-0.573465,0.000000,-0.819230,-0.034067,0.999135,0.023847,0.818522,0.041585,-0.572969
EditSphere,13418.000000,32924.000000,24177.000000,50.000000,true
EndFrame
SetLocation,-13076.171792,-1671.669064,5849.330320
SetRotation,-0.573465,0.000000,-0.819230,-0.034067,0.999135,0.023847,0.818522,0.041585,-0.572969
EditSphere,13378.000000,32925.000000,24131.000000,51.000000,true
EndFrame
SetLocation,-13076.171792,-1671.669064,5849.330320
SetRotation,-0.573465,0.000000,-0.819230,-0.034067,0.999135,0.023847,0.818522,0.041585,-0.572969
EditSphere,13351.000000,32924.000000,24047.000000,52.000000,true
EndFrame
SetLocation,-13076.171792,-1671.669064,5849.330320
SetRotation,-0.573465,0.000000,-0.819230,-0.034067,0.999135,0.023847,0.818522,0.041585,-0.572969
EditSphere,13332.000000,32924.000000,23991.000000,53.000000,true
EndFrame
SetLocation,-13076.171792,-1671.669064,5849.330320
SetRotation,-0.573465,0.000000,-0.819230,-0.034067,0.999135,0.023847,0.818522,0.041585,-0.572969
EditSphere,13281.000000,32917.000000,23974.000000,54.000000,true
EndFrame
SetLocation,-13076.171792,-1671.669064,5849.330320
SetRotation,-0.573465,0.000000,-0.819230,-0.034067,0.999135,0.023847,0.818522,0.041585,-0.572969
EditSphere,12621.000000,32906.000000,24166.000000,55.000000,true
EndFrame
SetLocation,-13076.171792,-1671.669064,5849.330320
SetRotation,-0.573465,0.000000,-0.819230,-0.034067,0.999135,0.023847,0.818522,0.041585,-0.572969
EditSphere,12566.000000,32901.000000,24171.000000,56.000000,true
EndFrame
SetLocation,-13076.171792,-1671.669064,5849.330320
SetRotation,-0.573465,0.000000,-0.819230,-0.034067,0.999135,0.023847,0.818522,0.041585,-0.572969
EditSphere,12467.000000,32889.000000,24147.000000,57.000000,true
EndFrame
SetLocation,-13076.171792,-1671.669064,5849.330320
SetRotation,-0.573465,0.000000,-0.819230,-0.034067,0.999135,0.023847,0.818522,0.041585,-0.572969
EditSphere,12401.000000,32851.000000,24107.000000,58.000000,true
EndFrame
SetLocation,-13076.171792,-1671.669064,5849.330320
SetRotation,-0.573465,0.000000,-0.819230,-0.034067,0.999135,0.023847,0.818522,0.041585,-0.572969
EditSphere,12354.000000,32838.000000,24073.000000,59.000000,true
EndFrame
SetLocation,-13076.171792,-1671.669064,5849.330320
SetRotation,-0.573465,0.000000,-0.819230,-0.034067,0.999135,0.023847,0.818522,0.041585,-0.572969
EditSphere,12310.000000,32791.000000,23970.000000,60.000000,true
EndFrame
SetLocation,-13076.171792,-1671.669064,5849.330320
SetRotation,-0.573465,0.000000,-0.819230,-0.034067,0.999135,0.023847,0.818522,0.041585,-0.572969
EditSphere,12250.000000,32787.000000,23973.000000,61.000000,true
EndFrame
SetLocation,-13076.171792,-1671.669064,5849.330320
SetRotation,-0.573465,0.000000,-0.819230,-0.034067,0.999135,0.023847,0.818522,0.041585,-0.572969
EditSphere,12194.000000,32770.000000,23953.000000,62.000000,true
EndFrame
SetLocation,-13076.171792,-1671.669064,5849.330320
SetRotation,-0.573465,0.000000,-0.819230,-0.034067,0.999135,0.023847,0.818522,0.041585,-0.572969
EditSphere,12136.000000,32747.000000,23963.000000,63.000000,true
EndFrame
SetLocation,-13076.171792,-1671.669064,5849.330320
SetRotation,-0.573465,0.000000,-0.819230,-0.034067,0.999135,0.023847,0.818522,0.041585,-0.572969
EditSphere,12075.000000,32737.000000,23977.000000,64.000000,true
EndFrame
SetLocation,-13076.171792,-1671.669064,5849.330320
SetRotation,-0.573465,0.000000,-0.819230,-0.034067,0.999135,0.023847,0.818522,0.041585,-0.572969
EditSphere,12025.000000,32695.000000,23976.000000,65.000000,true
EndFrame
SetLocation,-13076.171792,-1671.669064,5849.330320
SetRotation,-0.573465,0.000000,-0.819230,-0.034067,0.999135,0.023847,0.818522,0.041585,-0.572969
EditSphere,11962.000000,32680.000000,23984.000000,66.000000,true
EndFrame
SetLocation,-13076.171792,-1671.669064,5849.330320
SetRotation,-0.573465,0.000000,-0.819230,-0.034067,0.999135,0.023847,0.818522,0.041585,-0.572969
EditSphere,11897.000000,32678.000000,24000.000000,67.000000,true
EndFrame
SetLocation,-13076.171792,-1671.669064,5849.330320
SetRotation,-0.573465,0.000000,-0.819230,-0.034067,0.999135,0.023847,0.818522,0.041585,-0.572969
EditSphere,11834.000000,32663.000000,23981.000000,68.000000,true
EndFrame
SetLocation,-13076.171792,-1671.669064,5849.330320
SetRotation,-0.573465,0.000000,-0.819230,-0.034067,0.999135,0.023847,0.818522,0.041585,-0.572969
EditSphere,11772.000000,32662.000000,24011.000000,69.000000,true
EndFrame
SetLocation,-13076.171792,-1671.669064,5849.330320
SetRotation,-0.573465,0.000000,-0.819230,-0.034067,0.999135,0.023847,0.818522,0.041585,-0.572969
EditSphere,11713.000000,32667.000000,24047.000000,70.000000,true
EndFrame
SetLocation,-13076.171792,-1671.669064,5849.330320
SetRotation,-0.573465,0.000000,-0.819230,-0.034067,0.999135,0.023847,0.818522,0.041585,-0.572969
EditSphere,11653.000000,32672.000000,24083.000000,71.000000,true
EndFrame
SetLocation,-13076.171792,-1671.669064,5849.330320
SetRotation,-0.573465,0.000000,-0.819230,-0.034067,0.999135,0.023847,0.818522,0.041585,-0.572969
EditSphere,11587.000000,32652.000000,24061.000000,72.000000,true
EndFrame
SetLocation,-13076.171792,-1671.669064,5849.330320
SetRotation,-0.573465,0.000000,-0.819230,-0.034067,0.999135,0.023847,0.818522,0.041585,-0.572969
EditSphere,11516.000000,32650.000000,24044.000000,73.000000,true
EndFrame
SetLocation,-13076.171792,-1671.669064,5849.330320
SetRotation,-0.573465,0.000000,-0.819230,-0.034067,0.999135,0.023847,0.818522,0.041585,-0.572969
EditSphere,11450.000000,32630.000000,24017.000000,74.000000,true
EndFrame
SetLocation,-13076.171792,-1671.669064,5849.330320
SetRotation,-0.573465,0.000000,-0.819230,-0.034067,0.999135,0.023847,0.818522,0.041585,-0.572969
EditSphere,11376.000000,32635.000000,24017.000000,75.000000,true
EndFrame
SetLocation,-13076.171792,-1671.669064,5849.330320
SetRotation,-0.573465,0.000000,-0.819230,-0.034067,0.999135,0.023847,0.818522,0.041585,-0.572969
EditSphere,11301.000000,32634.000000,24012.000000,76.000000,true
EndFrame
SetLocation,-13076.171792,-1671.669064,5849.330320
SetRotation,-0.573465,0.000000,-0.819230,-0.034067,0.999135,0.023847,0.818522,0.041585,-0.572969
EditSphere,11225.000000,32628.000000,24009.000000,77.000000,true
EndFrame
SetLocation,-13076.171792,-1671.669064,5849.330320
SetRotation,-0.573465,0.000000,-0.819230,-0.034067,0.999135,0.023847,0.818522,0.041585,-0.572969
EditSphere,11155.000000,32631.000000,23976.000000,78.000000,true
EndFrame
SetLocation,-13076.171792,-1671.669064,5849.330320
SetRotation,-0.573465,0.000000,-0.819230,-0.034067,0.999135,0.023847,0.818522,0.041585,-0.572969
EditSphere,11088.000000,32634.000000,23935.000000,79.000000,true
EndFrame
SetLocation,-13076.171792,-1671.669064,5849.330320
SetRotation,-0.573465,0.000000,-0.819230,-0.034067,0.999135,0.023847,0.818522,0.041585,-0.572969
EditSphere,11017.000000,32637.000000,23898.000000,80.000000,true
EndFrame
SetLocation,-13076.171792,-1671.669064,5849.330320
SetRotation,-0.573465,0.000000,-0.819230,-0.034067,0.999135,0.023847,0.818522,0.041585,-0.572969
EditSphere,12978.000000,32415.000000,22262.000000,81.000000,true
EndFrame
SetLocation,-13076.171792,-1671.669064,5849.330320
SetRotation,-0.573465,0.000000,-0.819230,-0.034067,0.999135,0.023847,0.818522,0.041585,-0.572969
EditSphere,12913.000000,32413.000000,22115.000000,82.000000,true
EndFrame
SetLocation,-13076.171792,-1671.669064,5849.330320
SetRotation,-0.573465,0.000000,-0.819230,-0.034067,0.999135,0.023847,0.818522,0.041585,-0.572969
EditSphere,12814.000000,32412.000000,21973.000000,83.000000,true
EndFrame
SetLocation,-13076.171792,-1671.669064,5849.330320
SetRotation,-0.573465,0.000000,-0.819230,-0.034067,0.999135,0.023847,0.818522,0.041585,-0.572969
EditSphere,12674.000000,32416.000000,21834.000000,84.000000,true
EndFrame
SetLocation,-13076.171792,-1671.669064,5849.330320
SetRotation,-0.573465,0.000000,-0.819230,-0.034067,0.999135,0.023847,0.818522,0.041585,-0.572969
EditSphere,12574.000000,32419.000000,21759.000000,85.000000,true
EndFrame
SetLocation,-13076.171792,-1671.669064,5849.330320
SetRotation,-0.573465,0.000000,-0.819230,-0.034067,0.999135,0.023847,0.818522,0.041585,-0.572969
EditSphere,12443.000000,32425.000000,21683.000000,86.000000,true
EndFrame
SetLocation,-13076.171792,-1671.669064,5849.330320
SetRotation,-0.573465,0.000000,-0.819230,-0.034067,0.999135,0.023847,0.818522,0.041585,-0.572969
EditSphere,12317.000000,32433.000000,21672.000000,87.000000,true
EndFrame
SetLocation,-13076.171792,-1671.669064,5849.330320
SetRotation,-0.573465,0.000000,-0.819230,-0.034067,0.999135,0.023847,0.818522,0.041585,-0.572969
EditSphere,12233.000000,32430.000000,21646.000000,88.000000,true
EndFrame
SetLocation,-13076.171792,-1671.669064,5849.330320
SetRotation,-0.573465,0.000000,-0.819230,-0.034067,0.999135,0.023847,0.818522,0.041585,-0.572969
EditSphere,12170.000000,32437.000000,21708.000000,89.000000,true
EndFrame
SetLocation,-13076.171792,-1671.669064,5849.330320
SetRotation,-0.573465,0.000000,-0.819230,-0.034067,0.999135,0.023847,0.818522,0.041585,-0.572969
EditSphere,12086.000000,32430.000000,21738.000000,90.000000,true
EndFrame
SetLocation,-13076.171792,-1671.669064,5849.330320
SetRotation,-0.573465,0.000000,-0.819230,-0.034067,0.999135,0.023847,0.818522,0.041585,-0.572969
EditSphere,11997.000000,32420.000000,21721.000000,91.000000,true
EndFrame
SetLocation,-13076.171792,-1671.669064,5849.330320
SetRotation,-0.573465,0.000000,-0.819230,-0.034067,0.999135,0.023847,0.818522,0.041585,-0.572969
EditSphere,11921.000000,32386.000000,21681.000000,92.000000,true
EndFrame
SetLocation,-13076.171792,-1671.669064,5849.330320
SetRotation,-0.573465,0.000000,-0.819230,-0.034067,0.999135,0.023847,0.818522,0.041585,-0.572969
EditSphere,11829.000000,32378.000000,21681.000000,93.000000,true
EndFrame
SetLocation,-13076.171792,-1671.669064,5849.330320
SetRotation,-0.573465,0.000000,-0.819230,-0.034067,0.999135,0.023847,0.818522,0.041585,-0.572969
EditSphere,11740.000000,32348.000000,21680.000000,94.000000,true
EndFrame
SetLocation,-13076.171792,-1671.669064,5849.330320
SetRotation,-0.573465,0.000000,-0.819230,-0.034067,0.999135,0.023847,0.818522,0.041585,-0.572969
EditSphere,11658.000000,32358.000000,21726.000000,95.000000,true
EndFrame
SetLocation,-13076.171792,-1671.669064,5849.330320
SetRotation,-0.573465,0.000000,-0.819230,-0.034067,0.999135,0.023847,0.818522,0.041585,-0.572969
EditSphere,11570.000000,32326.000000,21676.000000,96.000000,true
EndFrame
SetLocation,-13076.171792,-1671.669064,5849.330320
SetRotation,-0.573465,0.000000,-0.819230,-0.034067,0.999135,0.023847,0.818522,0.041585,-0.572969
EditSphere,11419.000000,32296.000000,21666.000000,97.000000,true
EndFrame
SetLocation,-13076.171792,-1671.669064,5849.330320
SetRotation,-0.573465,0.000000,-0.819230,-0.034067,0.999135,0.023847,0.818522,0.041585,-0.572969
EditSphere,11266.000000,32285.000000,21698.000000,98.000000,true
EndFrame
SetLocation,-13076.171792,-1671.669064,5849.330320
SetRotation,-0.573465,0.000000,-0.819230,-0.034067,0.999135,0.023847,0.818522,0.041585,-0.572969
EditSphere,11001.000000,32284.000000,21793.000000,99.000000,true
EndFrame
SetLocation,-13076.171792,-1671.669064,5849.330320
SetRotation,-0.573465,0.000000,-0.819230,-0.034067,0.999135,0.023847,0.818522,0.041585,-0.572969
EditSphere,10481.000000,32367.000000,22280.000000,100.000000,true
EndFrame
SetLocation,-13076.171792,-1671.669064,5849.330320
SetRotation,-0.573465,0.000000,-0.819230,-0.034067,0.999135,0.023847,0.818522,0.041585,-0.572969
EditSphere,10250.000000,32376.000000,22384.000000,101.000000,true
EndFrame
SetLocation,-13076.171792,-1671.669064,5849.330320
SetRotation,-0.573465,0.000000,-0.819230,-0.034067,0.999135,0.023847,0.818522,0.041585,-0.572969
EditSphere,10094.000000,32372.000000,22326.000000,102.000000,true
EndFrame
SetLocation,-13076.171792,-1671.669064,5849.330320
SetRotation,-0.573465,0.000000,-0.819230,-0.034067,0.999135,0.023847,0.818522,0.041585,-0.572969
EditSphere,9998.000000,32355.000000,22186.000000,103.000000,true
EndFrame
SetLocation,-13076.171792,-1671.669064,5849.330320
SetRotation,-0.573465,0.000000,-0.819230,-0.034067,0.999135,0.023847,0.818522,0.041585,-0.572969
EditSphere,9984.000000,32340.000000,21982.000000,104.000000,true
EndFrame
SetLocation,-13076.171792,-1671.669064,5849.330320
SetRotation,-0.573465,0.000000,-0.819230,-0.034067,0.999135,0.023847,0.818522,0.041585,-0.572969
EditSphere,9888.000000,32354.000000,22020.000000,105.000000,true
EndFrame
SetLocation,-13076.171792,-1671.669064,5849.330320
SetRotation,-0.573465,0.000000,-0.819230,-0.034067,0.999135,0.023847,0.818522,0.041585,-0.572969
EditSphere,9850.000000,32346.000000,21869.000000,106.000000,true
EndFrame
SetLocation,-13076.171792,-1671.669064,5849.330320
SetRotation,-0.573465,0.000000,-0.819230,-0.034067,0.999135,0.023847,0.818522,0.041585,-0.572969
EditSphere,9759.000000,32350.000000,21780.000000,107.000000,true
EndFrame
SetLocation,-13076.171792,-1671.669064,5849.330320
SetRotation,-0.573465,0.000000,-0.819230,-0.034067,0.999135,0.023847,0.818522,0.041585,-0.572969
EditSphere,9653.000000,32363.000000,21795.000000,108.000000,true
EndFrame
SetLocation,-13076.171792,-1671.669064,5849.330320
SetRotation,-0.573465,0.000000,-0.819230,-0.034067,0.999135,0.023847,0.818522,0.041585,-0.572969
EditSphere,9554.000000,32377.000000,21836.000000,109.000000,true
EndFrame
SetLocation,-13076.171792,-1671.669064,5849.330320
SetRotation,-0.573465,0.000000,-0.819230,-0.034067,0.999135,0.023847,0.818522,0.041585,-0.572969
EditSphere,9573.000000,32351.000000,21537.000000,110.000000,true
EndFrame
SetLocation,-13076.171792,-1671.669064,5849.330320
SetRotation,-0.573465,0.000000,-0.819230,-0.034067,0.999135,0.023847,0.818522,0.041585,-0.572969
EditSphere,9502.000000,32348.000000,21399.000000,111.000000,true
EndFrame
SetLocation,-13076.171792,-1671.669064,5849.330320
SetRotation,-0.573465,0.000000,-0.819230,-0.034067,0.999135,0.023847,0.818522,0.041585,-0.572969
EditSphere,9436.000000,32342.000000,21223.000000,112.000000,true
EndFrame
SetLocation,-13076.171792,-1671.669064,5849.330320
SetRotation,-0.573465,0.000000,-0.819230,-0.034067,0.999135,0.023847,0.818522,0.041585,-0.572969
EditSphere,9351.000000,32357.000000,21295.000000,113.000000,true
EndFrame
SetLocation,-13076.171792,-1671.669064,5849.330320
SetRotation,-0.573465,0.000000,-0.819230,-0.034067,0.999135,0.023847,0.818522,0.041585,-0.572969
EditSphere,9242.000000,32345.000000,21264.000000,114.000000,true
EndFrame
SetLocation,-13076.171792,-1671.669064,5849.330320
SetRotation,-0.573465,0.000000,-0.819230,-0.034067,0.999135,0.023847,0.818522,0.041585,-0.572969
EditSphere,9153.000000,32345.000000,21336.000000,115.000000,true
EndFrame
SetLocation,-13076.171792,-1671.669064,5849.330320
SetRotation,-0.573465,0.000000,-0.819230,-0.034067,0.999135,0.023847,0.818522,0.041585,-0.572969
EditSphere,9048.000000,32330.000000,21383.000000,116.000000,true
EndFrame
SetLocation,-13076.171792,-1671.669064,5849.330320
SetRotation,-0.573465,0.000000,-0.819230,-0.034067,0.999135,0.023847,0.818522,0.041585,-0.572969
EditSphere,8947.000000,32278.000000,21410.000000,117.000000,true
EndFrame
SetLocation,-13076.171792,-1671.669064,5849.330320
SetRotation,-0.573465,0.000000,-0.819230,-0.034067,0.999135,0.023847,0.818522,0.041585,-0.572969
EditSphere,8891.000000,32151.000000,21206.000000,118.000000,true
EndFrame
SetLocation,-13076.171792,-1671.669064,5849.330320
SetRotation,-0.573465,0.000000,-0.819230,-0.034067,0.999135,0.023847,0.818522,0.041585,-0.572969
EditSphere,8831.000000,32041.000000,21247.000000,119.000000,true
EndFrame
SetLocation,-13076.171792,-1671.669064,5849.330320
SetRotation,-0.573465,0.000000,-0.819230,-0.034067,0.999135,0.023847,0.818522,0.041585,-0.572969
EditSphere,8776.000000,31987.000000,21376.000000,120.000000,true
EndFrame
SetLocation,-13076.171792,-1671.669064,5849.330320
SetRotation,-0.573465,0.000000,-0.819230,-0.034067,0.999135,0.023847,0.818522,0.041585,-0.572969
EditSphere,8747.000000,31932.000000,21479.000000,121.000000,true
EndFrame
SetLocation,-13076.171792,-1671.669064,5849.330320
SetRotation,-0.573465,0.000000,-0.819230,-0.034067,0.999135,0.023847,0.818522,0.041585,-0.572969
EditSphere,8732.000000,31883.000000,21589.000000,122.000000,true
EndFrame
SetLocation,-13076.171792,-1671.669064,5849.330320
SetRotation,-0.573465,0.000000,-0.819230,-0.034067,0.999135,0.023847,0.818522,0.041585,-0.572969
EditSphere,8709.000000,31833.000000,21698.000000,123.000000,true
EndFrame
SetLocation,-13076.171792,-1671.669064,5849.330320
SetRotation,-0.573465,0.000000,-0.819230,-0.034067,0.999135,0.023847,0.818522,0.041585,-0.572969
EditSphere,8690.000000,31775.000000,21805.000000,124.000000,true
EndFrame
SetLocation,-13076.171792,-1671.669064,5849.330320
SetRotation,-0.573465,0.000000,-0.819230,-0.034067,0.999135,0.023847,0.818522,0.041585,-0.572969
EditSphere,8666.000000,31702.000000,21903.000000,125.000000,true
EndFrame
SetLocation,-13076.171792,-1671.669064,5849.330320
SetRotation,-0.573465,0.000000,-0.819230,-0.034067,0.999135,0.023847,0.818522,0.041585,-0.572969
EditSphere,8651.000000,31619.000000,21996.000000,126.000000,true
EndFrame
SetLocation,-13076.171792,-1671.669064,5849.330320
SetRotation,-0.573465,0.000000,-0.819230,-0.034067,0.999135,0.023847,0.818522,0.041585,-0.572969
EditSphere,8655.000000,31565.000000,22110.000000,127.000000,true
EndFrame
SetLocation,-13076.171792,-1671.669064,5849.330320
SetRotation,-0.573465,0.000000,-0.819230,-0.034067,0.999135,0.023847,0.818522,0.041585,-0.572969
EditSphere,8643.000000,31533.000000,22232.000000,128.000000,true
EndFrame
SetLocation,-13076.171792,-1671.669064,5849.330320
SetRotation,-0.573465,0.000000,-0.819230,-0.034067,0.999135,0.023847,0.818522,0.041585,-0.572969
EditSphere,8632.000000,31504.000000,22356.000000,129.000000,true
EndFrame
SetLocation,-13076.171792,-1671.669064,5849.330320
SetRotation,-0.573465,0.000000,-0.819230,-0.034067,0.999135,0.023847,0.818522,0.041585,-0.572969
EditSphere,8620.000000,31477.000000,22481.000000,130.000000,true
EndFrame
SetLocation,-13076.171792,-1671.669064,5849.330320
SetRotation,-0.573465,0.000000,-0.819230,-0.034067,0.999135,0.023847,0.818522,0.041585,-0.572969
EditSphere,8584.000000,31505.000000,22603.000000,131.000000,true
EndFrame
SetLocation,-13076.171792,-1671.669064,5849.330320
SetRotation,-0.573465,0.000000,-0.819230,-0.034067,0.999135,0.023847,0.818522,0.041585,-0.572969
EditSphere,8919.000000,31288.000000,22323.000000,132.000000,true
EndFrame
SetLocation,-13076.171792,-1671.669064,5849.330320
SetRotation,-0.573465,0.000000,-0.819230,-0.034067,0.999135,0.023847,0.818522,0.041585,-0.572969
EditSphere,9139.000000,31254.000000,22532.000000,133.000000,true
EndFrame
SetLocation,-13076.171792,-1671.669064,5849.330320
SetRotation,-0.573465,0.000000,-0.819230,-0.034067,0.999135,0.023847,0.818522,0.041585,-0.572969
EditSphere,9144.000000,31308.000000,22653.000000,134.000000,true
EndFrame
SetLocation,-13076.171792,-1671.669064,5849.330320
SetRotation,-0.573465,0.000000,-0.819230,-0.034067,0.999135,0.023847,0.818522,0.041585,-0.572969
EditSphere,9482.000000,31250.000000,22361.000000,135.000000,true
EndFrame
SetLocation,-13076.171792,-1671.669064,5849.330320
SetRotation,-0.573465,0.000000,-0.819230,-0.034067,0.999135,0.023847,0.818522,0.041585,-0.572969
EditSphere,9524.000000,31376.000000,22383.000000,136.000000,true
EndFrame
SetLocation,-13076.171792,-1671.669064,5849.330320
SetRotation,-0.573465,0.000000,-0.819230,-0.034067,0.999135,0.023847,0.818522,0.041585,-0.572969
EditSphere,9539.000000,31539.000000,22390.000000,137.000000,true
EndFrame
SetLocation,-13076.171792,-1671.669064,5849.330320
SetRotation,-0.573465,0.000000,-0.819230,-0.034067,0.999135,0.023847,0.818522,0.041585,-0.572969
EditSphere,9542.000000,31724.000000,22387.000000,138.000000,true
EndFrame
SetLocation,-13076.171792,-1671.669064,5849.330320
SetRotation,-0.573465,0.000000,-0.819230,-0.034067,0.999135,0.023847,0.818522,0.041585,-0.572969
EditSphere,9514.000000,31848.000000,22441.000000,139.000000,true
EndFrame
SetLocation,-13076.171792,-1671.669064,5849.330320
SetRotation,-0.573465,0.000000,-0.819230,-0.034067,0.999135,0.023847,0.818522,0.041585,-0.572969
EditSphere,9466.000000,31923.000000,22548.000000,140.000000,true
EndFrame
SetLocation,-13076.171792,-1671.669064,5849.330320
SetRotation,-0.573465,0.000000,-0.819230,-0.034067,0.999135,0.023847,0.818522,0.041585,-0.572969
EditSphere,9440.000000,32002.000000,22660.000000,141.000000,true
EndFrame
SetLocation,-13076.171792,-1671.669064,5849.330320
SetRotation,-0.573465,0.000000,-0.819230,-0.034067,0.999135,0.023847,0.818522,0.041585,-0.572969
EditSphere,9781.000000,32018.000000,22414.000000,142.000000,true
EndFrame
SetLocation,-13076.171792,-1671.669064,5849.330320
SetRotation,-0.573465,0.000000,-0.819230,-0.034067,0.999135,0.023847,0.818522,0.041585,-0.572969
EditSphere,10026.000000,32108.000000,22431.000000,143.000000,true
EndFrame
SetLocation,-13076.171792,-1671.669064,5849.330320
SetRotation,-0.573465,0.000000,-0.819230,-0.034067,0.999135,0.023847,0.818522,0.041585,-0.572969
EditSphere,10068.000000,32209.000000,22522.000000,144.000000,true
EndFrame
SetLocation,-13076.171792,-1671.669064,5849.330320
SetRotation,-0.573465,0.000000,-0.819230,-0.034067,0.999135,0.023847,0.818522,0.041585,-0.572969
EditSphere,10066.000000,32306.000000,22628.000000,145.000000,true
EndFrame
SetLocation,-13076.171792,-1671.669064,5849.330320
SetRotation,-0.573465,0.000000,-0.819230,-0.034067,0.999135,0.023847,0.818522,0.041585,-0.572969
EditSphere,10062.000000,32440.000000,22683.000000,146.000000,true
EndFrame
SetLocation,-13076.171792,-1671.669064,5849.330320
SetRotation,-0.573465,0.000000,-0.819230,-0.034067,0.999135,0.023847,0.818522,0.041585,-0.572969
EditSphere,10345.000000,32545.000000,22372.000000,147.000000,true
EndFrame
SetLocation,-13076.171792,-1671.669064,5849.330320
SetRotation,-0.573465,0.000000,-0.819230,-0.034067,0.999135,0.023847,0.818522,0.041585,-0.572969
EditSphere,10341.000000,32693.000000,22430.000000,148.000000,true
EndFrame
SetLocation,-13076.171792,-1671.669064,5849.330320
SetRotation,-0.573465,0.000000,-0.819230,-0.034067,0.999135,0.023847,0.818522,0.041585,-0.572969
EditSphere,10279.000000,32775.000000,22537.000000,149.000000,true
EndFrame
SetLocation,-13076.171792,-1671.669064,5849.330320
SetRotation,-0.573465,0.000000,-0.819230,-0.034067,0.999135,0.023847,0.818522,0.041585,-0.572969
EditSphere,10200.000000,32838.000000,22647.000000,150.000000,true
EndFrame
SetLocation,-13076.171792,-1671.669064,5849.330320
SetRotation,-0.573465,0.000000,-0.819230,-0.034067,0.999135,0.023847,0.818522,0.041585,-0.572969
EditSphere,10121.000000,32914.000000,22750.000000,151.000000,true
EndFrame
SetLocation,-13076.171792,-1671.669064,5849.330320
SetRotation,-0.573465,0.000000,-0.819230,-0.034067,0.999135,0.023847,0.818522,0.041585,-0.572969
EditSphere,10051.000000,33040.000000,22703.000000,152.000000,true
EndFrame
SetLocation,-13076.171792,-1671.669064,5849.330320
SetRotation,-0.573465,0.000000,-0.819230,-0.034067,0.999135,0.023847,0.818522,0.041585,-0.572969
EditSphere,9935.000000,33062.000000,22799.000000,153.000000,true
EndFrame
SetLocation,-13076.171792,-1671.669064,5849.330320
SetRotation,-0.573465,0.000000,-0.819230,-0.034067,0.999135,0.023847,0.818522,0.041585,-0.572969
EditSphere,9783.000000,33058.000000,22820.000000,154.000000,true
EndFrame
SetLocation,-13076.171792,-1671.669064,5849.330320
SetRotation,-0.573465,0.000000,-0.819230,-0.034067,0.999135,0.023847,0.818522,0.041585,-0.572969
EditSphere,11298.000000,32984.000000,20219.000000,155.000000,true
EndFrame
SetLocation,-13076.171792,-1671.669064,5849.330320
SetRotation,-0.573465,0.000000,-0.819230,-0.034067,0.999135,0.023847,0.818522,0.041585,-0.572969
EditSphere,10990.000000,32944.000000,20471.000000,156.000000,true
EndFrame
SetLocation,-13076.171792,-1671.669064,5849.330320
SetRotation,-0.573465,0.000000,-0.819230,-0.034067,0.999135,0.023847,0.818522,0.041585,-0.572969
EditSphere,10850.000000,32902.000000,20528.000000,157.000000,true
EndFrame
SetLocation,-13076.171792,-1671.669064,5849.330320
SetRotation,-0.573465,0.000000,-0.819230,-0.034067,0.999135,0.023847,0.818522,0.041585,-0.572969
EditSphere,10083.000000,32875.000000,21637.000000,158.000000,true
EndFrame
SetLocation,-13076.171792,-1671.669064,5849.330320
SetRotation,-0.573465,0.000000,-0.819230,-0.034067,0.999135,0.023847,0.818522,0.041585,-0.572969
EditSphere,9950.000000,32834.000000,21713.000000,159.000000,true
EndFrame
SetLocation,-13076.171792,-1671.669064,5849.330320
SetRotation,-0.573465,0.000000,-0.819230,-0.034067,0.999135,0.023847,0.818522,0.041585,-0.572969
EditSphere,9822.000000,32778.000000,21790.000000,160.000000,true
EndFrame
SetLocation,-13076.171792,-1671.669064,5849.330320
SetRotation,-0.573465,0.000000,-0.819230,-0.034067,0.999135,0.023847,0.818522,0.041585,-0.572969
EditSphere,9682.000000,32731.000000,21854.000000,161.000000,true
EndFrame
SetLocation,-13076.171792,-1671.669064,5849.330320
SetRotation,-0.573465,0.000000,-0.819230,-0.034067,0.999135,0.023847,0.818522,0.041585,-0.572969
EditSphere,9527.000000,32714.000000,21895.000000,162.000000,true
EndFrame
SetLocation,-13076.171792,-1671.669064,5849.330320
SetRotation,-0.573465,0.000000,-0.819230,-0.034067,0.999135,0.023847,0.818522,0.041585,-0.572969
EditSphere,9383.000000,32731.000000,21969.000000,163.000000,true
EndFrame
SetLocation,-13076.171792,-1671.669064,5849.330320
SetRotation,-0.573465,0.000000,-0.819230,-0.034067,0.999135,0.023847,0.818522,0.041585,-0.572969
EditSphere,9239.000000,32773.000000,22034.000000,164.000000,true
EndFrame
SetLocation,-13076.171792,-1671.669064,5849.330320
