SetLocation,-4760.432677,-2448.080569,-6345.803390
SetRotation,-0.576266,0.000000,0.817262,-0.069007,0.996429,-0.048658,-0.814344,-0.084436,-0.574209
SetToolParameters,0,0,0,0,0,0,0,0,0,124.000000,5
EndFrame
SetLocation,-4760.432677,-2448.080569,-6345.803390
SetRotation,-0.576266,0.000000,0.817262,-0.069007,0.996429,-0.048658,-0.814344,-0.084436,-0.574209
SetToolParameters,0,0,0,0,0,0,0,0,0,124.000000,5
EndFrame
SetLocation,-4760.432677,-2448.080569,-6345.803390
SetRotation,-0.576266,0.000000,0.817262,-0.069007,0.996429,-0.048658,-0.814344,-0.084436,-0.574209
SetToolParameters,0,0,0,0,0,0,0,0,0,124.000000,5
EndFrame
SetLocation,-4760.432677,-2448.080569,-6345.803390
SetRotation,-0.576266,0.000000,0.817262,-0.069007,0.996429,-0.048658,-0.814344,-0.084436,-0.574209
SetToolParameters,0,0,0,0,0,0,0,0,0,124.000000,5
EndFrame
SetLocation,-4760.432677,-2448.080569,-6345.803390
SetRotation,-0.576266,0.000000,0.817262,-0.069007,0.996429,-0.048658,-0.814344,-0.084436,-0.574209
SetToolParameters,0,0,0,0,0,0,0,0,0,124.000000,5
EndFrame
SetLocation,-4760.432677,-2448.080569,-6345.803390
SetRotation,-0.576266,0.000000,0.817262,-0.069007,0.996429,-0.048658,-0.814344,-0.084436,-0.574209
SetToolParameters,0,0,0,0,0,0,0,0,0,124.000000,5
EndFrame
SetLocation,-4760.432677,-2448.080569,-6345.803390
SetRotation,-0.576266,0.000000,0.817262,-0.069007,0.996429,-0.048658,-0.814344,-0.084436,-0.574209
SetToolParameters,0,0,0,0,0,0,0,0,0,124.000000,5
EndFrame
SetLocation,-4760.432677,-2448.080569,-6345.803390
SetRotation,-0.576266,0.000000,0.817262,-0.069007,0.996429,-0.048658,-0.814344,-0.084436,-0.574209
SetToolParameters,0,0,0,0,0,0,0,0,0,124.000000,5
EndFrame
SetLocation,-4760.432677,-2448.080569,-6345.803390
SetRotation,-0.576266,0.000000,0.817262,-0.069007,0.996429,-0.048658,-0.814344,-0.084436,-0.574209
SetToolParameters,0,0,0,0,0,0,0,0,0,124.000000,5
EndFrame
SetLocation,-4760.432677,-2448.080569,-6345.803390
SetRotation,-0.576266,0.000000,0.817262,-0.069007,0.996429,-0.048658,-0.814344,-0.084436,-0.574209
SetToolParameters,0,0,0,0,0,0,0,0,0,124.000000,5
EndFrame
SetLocation,-4760.432677,-2448.080569,-6345.803390
SetRotation,-0.576266,0.000000,0.817262,-0.069007,0.996429,-0.048658,-0.814344,-0.084436,-0.574209
SetToolParameters,0,0,0,0,0,0,0,0,0,124.000000,5
EndFrame
SetLocation,-4760.432677,-2448.080569,-6345.803390
SetRotation,-0.576266,0.000000,0.817262,-0.069007,0.996429,-0.048658,-0.814344,-0.084436,-0.574209
SetToolParameters,21261,65659,39443,0,0,0,0,0,0,124.000000,5
EndFrame
SetLocation,-4760.432677,-2448.080569,-6345.803390
SetRotation,-0.576266,0.000000,0.817262,-0.069007,0.996429,-0.048658,-0.814344,-0.084436,-0.574209
SetToolParameters,21388,65594,39231,0,0,0,0,0,0,124.000000,5
EndFrame
SetLocation,-4760.432677,-2448.080569,-6345.803390
SetRotation,-0.576266,0.000000,0.817262,-0.069007,0.996429,-0.048658,-0.814344,-0.084436,-0.574209
SetToolParameters,22278,65417,39220,0,0,0,0,0,0,124.000000,5
EndFrame
SetLocation,-4760.432677,-2448.080569,-6345.803390
SetRotation,-0.576266,0.000000,0.817262,-0.069007,0.996429,-0.048658,-0.814344,-0.084436,-0.574209
SetToolParameters,23023,65308,39407,0,0,0,0,0,0,124.000000,5
EndFrame
SetLocation,-4760.432677,-2448.080569,-6345.803390
SetRotation,-0.576266,0.000000,0.817262,-0.069007,0.996429,-0.048658,-0.814344,-0.084436,-0.574209
SetToolParameters,23317,65275,39528,0,0,0,0,0,0,124.000000,5
EndFrame
SetLocation,-4760.432677,-2448.080569,-6345.803390
SetRotation,-0.576266,0.000000,0.817262,-0.069007,0.996429,-0.048658,-0.814344,-0.084436,-0.574209
SetToolParameters,23340,65269,39528,0,0,0,0,0,0,124.000000,5
EndFrame
SetLocation,-4760.432677,-2448.080569,-6345.803390
SetRotation,-0.576266,0.000000,0.817262,-0.069007,0.996429,-0.048658,-0.814344,-0.084436,-0.574209
SetToolParameters,23348,65266,39528,0,0,0,0,0,0,124.000000,5
EndFrame
SetLocation,-4760.432677,-2448.080569,-6345.803390
SetRotation,-0.576266,0.000000,0.817262,-0.069007,0.996429,-0.048658,-0.814344,-0.084436,-0.574209
SetToolParameters,23354,65264,39530,0,0,0,0,0,0,124.000000,5
EndFrame
SetLocation,-4760.432677,-2448.080569,-6345.803390
SetRotation,-0.576266,0.000000,0.817262,-0.069007,0.996429,-0.048658,-0.814344,-0.084436,-0.574209
SetToolParameters,23358,65262,39530,0,0,0,0,0,0,124.000000,5
EndFrame
SetLocation,-4760.432677,-2448.080569,-6345.803390
SetRotation,-0.576266,0.000000,0.817262,-0.069007,0.996429,-0.048658,-0.814344,-0.084436,-0.574209
SetToolParameters,23360,65260,39526,0,0,0,0,0,0,124.000000,5
EndFrame
SetLocation,-4760.432677,-2448.080569,-6345.803390
SetRotation,-0.576266,0.000000,0.817262,-0.069007,0.996429,-0.048658,-0.814344,-0.084436,-0.574209
SetToolParameters,23361,65259,39522,0,0,0,0,0,0,124.000000,5
EndFrame
SetLocation,-4760.432677,-2448.080569,-6345.803390
SetRotation,-0.576266,0.000000,0.817262,-0.069007,0.996429,-0.048658,-0.814344,-0.084436,-0.574209
SetToolParameters,23362,65259,39521,0,0,0,0,0,0,124.000000,5
EndFrame
SetLocation,-4760.432677,-2448.080569,-6345.803390
SetRotation,-0.576266,0.000000,0.817262,-0.069007,0.996429,-0.048658,-0.814344,-0.084436,-0.574209
SetToolParameters,23363,65258,39519,0,0,0,0,0,0,124.000000,5
EndFrame
SetLocation,-4760.432677,-2448.080569,-6345.803390
SetRotation,-0.576266,0.000000,0.817262,-0.069007,0.996429,-0.048658,-0.814344,-0.084436,-0.574209
SetToolParameters,23364,65257,39516,0,0,0,0,0,0,124.000000,5
EndFrame
SetLocation,-4760.432677,-2448.080569,-6345.803390
SetRotation,-0.576266,0.000000,0.817262,-0.069007,0.996429,-0.048658,-0.814344,-0.084436,-0.574209
SetToolParameters,23365,65254,39511,0,0,0,0,0,0,124.000000,5
EndFrame
SetLocation,-4760.432677,-2448.080569,-6345.803390
SetRotation,-0.576266,0.000000,0.817262,-0.069007,0.996429,-0.048658,-0.814344,-0.084436,-0.574209
SetToolParameters,23366,65252,39510,0,0,0,0,0,0,124.000000,5
EndFrame
SetLocation,-4760.432677,-2448.080569,-6345.803390
SetRotation,-0.576266,0.000000,0.817262,-0.069007,0.996429,-0.048658,-0.814344,-0.084436,-0.574209
SetToolParameters,23366,65252,39510,0,0,0,0,0,0,124.000000,5
EndFrame
SetLocation,-4760.432677,-2448.080569,-6345.803390
SetRotation,-0.576266,0.000000,0.817262,-0.069007,0.996429,-0.048658,-0.814344,-0.084436,-0.574209
SetToolParameters,23366,65252,39510,0,0,0,0,0,0,124.000000,5
EndFrame
SetLocation,-4760.432677,-2448.080569,-6345.803390
SetRotation,-0.576266,0.000000,0.817262,-0.069007,0.996429,-0.048658,-0.814344,-0.084436,-0.574209
SetToolParameters,23366,65253,39510,0,0,0,0,0,0,124.000000,5
EndFrame
SetLocation,-4760.432677,-2448.080569,-6345.803390
SetRotation,-0.576266,0.000000,0.817262,-0.069007,0.996429,-0.048658,-0.814344,-0.084436,-0.574209
SetToolParameters,23366,65253,39510,0,0,0,0,0,0,124.000000,5
EndFrame
SetLocation,-4760.432677,-2448.080569,-6345.803390
SetRotation,-0.576266,0.000000,0.817262,-0.069007,0.996429,-0.048658,-0.814344,-0.084436,-0.574209
SetToolParameters,23365,65254,39511,0,0,0,0,0,0,124.000000,5
EndFrame
SetLocation,-4760.432677,-2448.080569,-6345.803390
SetRotation,-0.576266,0.000000,0.817262,-0.069007,0.996429,-0.048658,-0.814344,-0.084436,-0.574209
SetToolParameters,23365,65254,39511,0,0,0,0,0,0,124.000000,5
EndFrame
SetLocation,-4760.432677,-2448.080569,-6345.803390
SetRotation,-0.576266,0.000000,0.817262,-0.069007,0.996429,-0.048658,-0.814344,-0.084436,-0.574209
SetToolParameters,23365,65254,39511,0,0,0,0,0,0,124.000000,5
EndFrame
SetLocation,-4760.432677,-2448.080569,-6345.803390
SetRotation,-0.576266,0.000000,0.817262,-0.069007,0.996429,-0.048658,-0.814344,-0.084436,-0.574209
SetToolParameters,23365,65254,39511,0,0,0,0,0,0,124.000000,5
EndFrame
SetLocation,-4760.432677,-2448.080569,-6345.803390
SetRotation,-0.576266,0.000000,0.817262,-0.069007,0.996429,-0.048658,-0.814344,-0.084436,-0.574209
SetToolParameters,23365,65254,39511,0,0,0,0,0,0,124.000000,5
EndFrame
SetLocation,-4760.432677,-2448.080569,-6345.803390
SetRotation,-0.576266,0.000000,0.817262,-0.069007,0.996429,-0.048658,-0.814344,-0.084436,-0.574209
SetToolParameters,23365,65254,39511,0,0,0,0,0,0,124.000000,5
EndFrame
SetLocation,-4760.432677,-2448.080569,-6345.803390
SetRotation,-0.576266,0.000000,0.817262,-0.069007,0.996429,-0.048658,-0.814344,-0.084436,-0.574209
SetToolParameters,23365,65254,39511,0,0,0,0,0,0,124.000000,5
EndFrame
SetLocation,-4760.432677,-2448.080569,-6345.803390
SetRotation,-0.576266,0.000000,0.817262,-0.069007,0.996429,-0.048658,-0.814344,-0.084436,-0.574209
SetToolParameters,23365,65254,39511,0,0,0,0,0,0,124.000000,5
EndFrame
SetLocation,-4760.432677,-2448.080569,-6345.803390
SetRotation,-0.576266,0.000000,0.817262,-0.069007,0.996429,-0.048658,-0.814344,-0.084436,-0.574209
SetToolParameters,23365,65254,39511,0,0,0,0,0,0,124.000000,5
EndFrame
SetLocation,-4760.432677,-2448.080569,-6345.803390
SetRotation,-0.576266,0.000000,0.817262,-0.069007,0.996429,-0.048658,-0.814344,-0.084436,-0.574209
SetToolParameters,23365,65254,39511,0,0,0,0,0,0,124.000000,5
EndFrame
SetLocation,-4760.432677,-2448.080569,-6345.803390
SetRotation,-0.576266,0.000000,0.817262,-0.069007,0.996429,-0.048658,-0.814344,-0.084436,-0.574209
SetToolParameters,23365,65254,39511,0,0,0,0,0,0,124.000000,5
EndFrame
SetLocation,-4760.432677,-2448.080569,-6345.803390
SetRotation,-0.576266,0.000000,0.817262,-0.069007,0.996429,-0.048658,-0.814344,-0.084436,-0.574209
SetToolParameters,23365,65254,39511,0,0,0,0,0,0,124.000000,5
EndFrame
SetLocation,-4760.432677,-2448.080569,-6345.803390
SetRotation,-0.576266,0.000000,0.817262,-0.069007,0.996429,-0.048658,-0.814344,-0.084436,-0.574209
SetToolParameters,23365,65254,39511,0,0,0,0,0,0,124.000000,5
EndFrame
SetLocation,-4760.432677,-2448.080569,-6345.803390
SetRotation,-0.576266,0.000000,0.817262,-0.069007,0.996429,-0.048658,-0.814344,-0.084436,-0.574209
SetToolParameters,23365,65253,39511,0,0,0,0,0,0,124.000000,5
EndFrame
SetLocation,-4760.432677,-2448.080569,-6345.803390
SetRotation,-0.576266,0.000000,0.817262,-0.069007,0.996429,-0.048658,-0.814344,-0.084436,-0.574209
SetToolParameters,23366,65253,39510,0,0,0,0,0,0,124.000000,5
EndFrame
SetLocation,-4760.432677,-2448.080569,-6345.803390
SetRotation,-0.576266,0.000000,0.817262,-0.069007,0.996429,-0.048658,-0.814344,-0.084436,-0.574209
SetToolParameters,23366,65253,39509,0,0,0,0,0,0,124.000000,5
EndFrame
SetLocation,-4760.432677,-2448.080569,-6345.803390
SetRotation,-0.576266,0.000000,0.817262,-0.069007,0.996429,-0.048658,-0.814344,-0.084436,-0.574209
SetToolParameters,23366,65253,39509,0,0,0,0,0,0,124.000000,5
EndFrame
SetLocation,-4760.432677,-2448.080569,-6345.803390
SetRotation,-0.576266,0.000000,0.817262,-0.069007,0.996429,-0.048658,-0.814344,-0.084436,-0.574209
SetToolParameters,23366,65253,39509,0,0,0,0,0,0,124.000000,5
EndFrame
SetLocation,-4760.432677,-2448.080569,-6345.803390
SetRotation,-0.576266,0.000000,0.817262,-0.069007,0.996429,-0.048658,-0.814344,-0.084436,-0.574209
SetToolParameters,23366,65253,39509,0,0,0,0,0,0,124.000000,5
EndFrame
SetLocation,-4760.432677,-2448.080569,-6345.803390
SetRotation,-0.576266,0.000000,0.817262,-0.069007,0.996429,-0.048658,-0.814344,-0.084436,-0.574209
SetToolParameters,23366,65253,39509,0,0,0,0,0,0,124.000000,5
EndFrame
SetLocation,-4760.432677,-2448.080569,-6345.803390
SetRotation,-0.576266,0.000000,0.817262,-0.069007,0.996429,-0.048658,-0.814344,-0.084436,-0.574209
SetToolParameters,23366,65253,39509,0,0,0,0,0,0,124.000000,5
EndFrame
SetLocation,-4760.432677,-2448.080569,-6345.803390
SetRotation,-0.576266,0.000000,0.817262,-0.069007,0.996429,-0.048658,-0.814344,-0.084436,-0.574209
SetToolParameters,23366,65253,39509,0,0,0,0,0,0,124.000000,5
EndFrame
SetLocation,-4760.432677,-2448.080569,-6345.803390
SetRotation,-0.576266,0.000000,0.817262,-0.069007,0.996429,-0.048658,-0.814344,-0.084436,-0.574209
SetToolParameters,23366,65253,39509,0,0,0,0,0,0,124.000000,5
EndFrame
SetLocation,-4760.432677,-2448.080569,-6345.803390
SetRotation,-0.576266,0.000000,0.817262,-0.069007,0.996429,-0.048658,-0.814344,-0.084436,-0.574209
SetToolParameters,23366,65253,39509,0,0,0,0,0,0,124.000000,5
EndFrame
SetLocation,-4760.432677,-2448.080569,-6345.803390
SetRotation,-0.576266,0.000000,0.817262,-0.069007,0.996429,-0.048658,-0.814344,-0.084436,-0.574209
SetToolParameters,23366,65253,39509,0,0,0,0,0,0,124.000000,5
EndFrame
SetLocation,-4760.432677,-2448.080569,-6345.803390
SetRotation,-0.576266,0.000000,0.817262,-0.069007,0.996429,-0.048658,-0.814344,-0.084436,-0.574209
SetToolParameters,23366,65253,39509,0,0,0,0,0,0,124.000000,5
EditFill,23364.000000,65253.000000,39508.000000,124.000000
EndFrame
SetLocation,-4760.432677,-2448.080569,-6345.803390
SetRotation,-0.576266,0.000000,0.817262,-0.069007,0.996429,-0.048658,-0.814344,-0.084436,-0.574209
SetToolParameters,23366,65253,39509,0,0,0,0,0,0,124.000000,5
EndFrame
SetLocation,-4760.432677,-2448.080569,-6345.803390
SetRotation,-0.576266,0.000000,0.817262,-0.069007,0.996429,-0.048658,-0.814344,-0.084436,-0.574209
SetToolParameters,23366,65253,39509,0,0,0,0,0,0,124.000000,5
EndFrame
SetLocation,-4760.432677,-2448.080569,-6345.803390
SetRotation,-0.576266,0.000000,0.817262,-0.069007,0.996429,-0.048658,-0.814344,-0.084436,-0.574209
SetToolParameters,23366,65253,39509,0,0,0,0,0,0,124.000000,5
EndFrame
SetLocation,-4760.432677,-2448.080569,-6345.803390
SetRotation,-0.576266,0.000000,0.817262,-0.069007,0.996429,-0.048658,-0.814344,-0.084436,-0.574209
SetToolParameters,23366,65253,39509,0,0,0,0,0,0,124.000000,5
EndFrame
SetLocation,-4760.432677,-2448.080569,-6345.803390
SetRotation,-0.576266,0.000000,0.817262,-0.069007,0.996429,-0.048658,-0.814344,-0.084436,-0.574209
SetToolParameters,23366,65253,39509,0,0,0,0,0,0,124.000000,5
EndFrame
SetLocation,-4760.432677,-2448.080569,-6345.803390
SetRotation,-0.576266,0.000000,0.817262,-0.069007,0.996429,-0.048658,-0.814344,-0.084436,-0.574209
SetToolParameters,23366,65253,39509,0,0,0,0,0,0,124.000000,5
EndFrame
SetLocation,-4760.432677,-2448.080569,-6345.803390
SetRotation,-0.576266,0.000000,0.817262,-0.069007,0.996429,-0.048658,-0.814344,-0.084436,-0.574209
SetToolParameters,23366,65253,39509,0,0,0,0,0,0,124.000000,5
EndFrame
SetLocation,-4760.432677,-2448.080569,-6345.803390
SetRotation,-0.576266,0.000000,0.817262,-0.069007,0.996429,-0.048658,-0.814344,-0.084436,-0.574209
SetToolParameters,23366,65253,39509,0,0,0,0,0,0,124.000000,5
EndFrame
SetLocation,-4760.432677,-2448.080569,-6345.803390
SetRotation,-0.576266,0.000000,0.817262,-0.069007,0.996429,-0.048658,-0.814344,-0.084436,-0.574209
SetToolParameters,23366,65253,39509,0,0,0,0,0,0,124.000000,5
EndFrame
SetLocation,-4760.432677,-2448.080569,-6345.803390
SetRotation,-0.576266,0.000000,0.817262,-0.069007,0.996429,-0.048658,-0.814344,-0.084436,-0.574209
SetToolParameters,23366,65253,39509,0,0,0,0,0,0,124.000000,5
EndFrame
SetLocation,-4760.432677,-2448.080569,-6345.803390
SetRotation,-0.576266,0.000000,0.817262,-0.069007,0.996429,-0.048658,-0.814344,-0.084436,-0.574209
SetToolParameters,23366,65253,39509,0,0,0,0,0,0,124.000000,5
EndFrame
SetLocation,-4760.432677,-2448.080569,-6345.803390
SetRotation,-0.576266,0.000000,0.817262,-0.069007,0.996429,-0.048658,-0.814344,-0.084436,-0.574209
SetToolParameters,23366,65253,39509,0,0,0,0,0,0,124.000000,5
EndFrame
SetLocation,-4760.432677,-2448.080569,-6345.803390
SetRotation,-0.576266,0.000000,0.817262,-0.069007,0.996429,-0.048658,-0.814344,-0.084436,-0.574209
SetToolParameters,23366,65253,39509,0,0,0,0,0,0,124.000000,5
EndFrame
SetLocation,-4760.432677,-2448.080569,-6345.803390
SetRotation,-0.576266,0.000000,0.817262,-0.069007,0.996429,-0.048658,-0.814344,-0.084436,-0.574209
SetToolParameters,23366,65253,39509,0,0,0,0,0,0,124.000000,5
EndFrame
SetLocation,-4760.432677,-2448.080569,-6345.803390
SetRotation,-0.576266,0.000000,0.817262,-0.069007,0.996429,-0.048658,-0.814344,-0.084436,-0.574209
SetToolParameters,23366,65253,39509,0,0,0,0,0,0,124.000000,5
EndFrame
SetLocation,-4760.432677,-2448.080569,-6345.803390
SetRotation,-0.576266,0.000000,0.817262,-0.069007,0.996429,-0.048658,-0.814344,-0.084436,-0.574209
SetToolParameters,23366,65253,39509,0,0,0,0,0,0,124.000000,5
EndFrame
SetLocation,-4760.432677,-2448.080569,-6345.803390
SetRotation,-0.576266,0.000000,0.817262,-0.069007,0.996429,-0.048658,-0.814344,-0.084436,-0.574209
SetToolParameters,23366,65253,39509,0,0,0,0,0,0,124.000000,5
EndFrame
SetLocation,-4760.432677,-2448.080569,-6345.803390
SetRotation,-0.576266,0.000000,0.817262,-0.069007,0.996429,-0.048658,-0.814344,-0.084436,-0.574209
SetToolParameters,23366,65253,39509,0,0,0,0,0,0,124.000000,5
EndFrame
SetLocation,-4760.432677,-2448.080569,-6345.803390
SetRotation,-0.576266,0.000000,0.817262,-0.069007,0.996429,-0.048658,-0.814344,-0.084436,-0.574209
SetToolParameters,23366,65253,39509,0,0,0,0,0,0,124.000000,5
EndFrame
SetLocation,-4760.432677,-2448.080569,-6345.803390
SetRotation,-0.576266,0.000000,0.817262,-0.069007,0.996429,-0.048658,-0.814344,-0.084436,-0.574209
SetToolParameters,23366,65253,39509,0,0,0,0,0,0,124.000000,5
EndFrame
SetLocation,-4760.432677,-2448.080569,-6345.803390
SetRotation,-0.576266,0.000000,0.817262,-0.069007,0.996429,-0.048658,-0.814344,-0.084436,-0.574209
SetToolParameters,23366,65253,39509,0,0,0,0,0,0,114.000000,5
EndFrame
SetLocation,-4760.432677,-2448.080569,-6345.803390
SetRotation,-0.576266,0.000000,0.817262,-0.069007,0.996429,-0.048658,-0.814344,-0.084436,-0.574209
SetToolParameters,23366,65253,39509,0,0,0,0,0,0,104.000000,5
EndFrame
SetLocation,-4760.432677,-2448.080569,-6345.803390
SetRotation,-0.576266,0.000000,0.817262,-0.069007,0.996429,-0.048658,-0.814344,-0.084436,-0.574209
SetToolParameters,23366,65253,39509,0,0,0,0,0,0,94.000000,5
EndFrame
SetLocation,-4760.432677,-2448.080569,-6345.803390
SetRotation,-0.576266,0.000000,0.817262,-0.069007,0.996429,-0.048658,-0.814344,-0.084436,-0.574209
SetToolParameters,23366,65253,39509,0,0,0,0,0,0,84.000000,5
EndFrame
SetLocation,-4760.432677,-2448.080569,-6345.803390
SetRotation,-0.576266,0.000000,0.817262,-0.069007,0.996429,-0.048658,-0.814344,-0.084436,-0.574209
SetToolParameters,23366,65253,39509,0,0,0,0,0,0,64.000000,5
EndFrame
SetLocation,-4760.432677,-2448.080569,-6345.803390
SetRotation,-0.576266,0.000000,0.817262,-0.069007,0.996429,-0.048658,-0.814344,-0.084436,-0.574209
SetToolParameters,23366,65253,39509,0,0,0,0,0,0,54.000000,5
EndFrame
SetLocation,-4760.432677,-2448.080569,-6345.803390
SetRotation,-0.576266,0.000000,0.817262,-0.069007,0.996429,-0.048658,-0.814344,-0.084436,-0.574209
SetToolParameters,23366,65253,39509,0,0,0,0,0,0,44.000000,5
EndFrame
SetLocation,-4760.432677,-2448.080569,-6345.803390
SetRotation,-0.576266,0.000000,0.817262,-0.069007,0.996429,-0.048658,-0.814344,-0.084436,-0.574209
SetToolParameters,23366,65253,39509,0,0,0,0,0,0,44.000000,5
EndFrame
SetLocation,-4760.432677,-2448.080569,-6345.803390
SetRotation,-0.576266,0.000000,0.817262,-0.069007,0.996429,-0.048658,-0.814344,-0.084436,-0.574209
SetToolParameters,23366,65253,39509,0,0,0,0,0,0,44.000000,5
EndFrame
SetLocation,-4760.432677,-2448.080569,-6345.803390
SetRotation,-0.576266,0.000000,0.817262,-0.069007,0.996429,-0.048658,-0.814344,-0.084436,-0.574209
SetToolParameters,23366,65253,39509,0,0,0,0,0,0,44.000000,5
EndFrame
SetLocation,-4760.432677,-2448.080569,-6345.803390
SetRotation,-0.576266,0.000000,0.817262,-0.069007,0.996429,-0.048658,-0.814344,-0.084436,-0.574209
SetToolParameters,23366,65253,39509,0,0,0,0,0,0,44.000000,5
EndFrame
SetLocation,-4760.432677,-2448.080569,-6345.803390
SetRotation,-0.576266,0.000000,0.817262,-0.069007,0.996429,-0.048658,-0.814344,-0.084436,-0.574209
SetToolParameters,23366,65253,39509,0,0,0,0,0,0,44.000000,5
EndFrame
SetLocation,-4760.432677,-2448.080569,-6345.803390
SetRotation,-0.576266,0.000000,0.817262,-0.069007,0.996429,-0.048658,-0.814344,-0.084436,-0.574209
SetToolParameters,23366,65253,39509,0,0,0,0,0,0,44.000000,5
EndFrame
SetLocation,-4760.432677,-2448.080569,-6345.803390
SetRotation,-0.576266,0.000000,0.817262,-0.069007,0.996429,-0.048658,-0.814344,-0.084436,-0.574209
SetToolParameters,23366,65253,39509,0,0,0,0,0,0,44.000000,5
EndFrame
SetLocation,-4760.432677,-2448.080569,-6345.803390
SetRotation,-0.576266,0.000000,0.817262,-0.069007,0.996429,-0.048658,-0.814344,-0.084436,-0.574209
SetToolParameters,23366,65253,39509,0,0,0,0,0,0,44.000000,5
EndFrame
SetLocation,-4760.432677,-2448.080569,-6345.803390
SetRotation,-0.576266,0.000000,0.817262,-0.069007,0.996429,-0.048658,-0.814344,-0.084436,-0.574209
SetToolParameters,23366,65253,39509,0,0,0,0,0,0,44.000000,5
EndFrame
SetLocation,-4760.432677,-2448.080569,-6345.803390
SetRotation,-0.576266,0.000000,0.817262,-0.069007,0.996429,-0.048658,-0.814344,-0.084436,-0.574209
SetToolParameters,23366,65253,39509,0,0,0,0,0,0,44.000000,5
EndFrame
SetLocation,-4760.432677,-2448.080569,-6345.803390
SetRotation,-0.576266,0.000000,0.817262,-0.069007,0.996429,-0.048658,-0.814344,-0.084436,-0.574209
SetToolParameters,23366,65253,39509,0,0,0,0,0,0,44.000000,5
EndFrame
SetLocation,-4760.432677,-2448.080569,-6345.803390
SetRotation,-0.576266,0.000000,0.817262,-0.069007,0.996429,-0.048658,-0.814344,-0.084436,-0.574209
SetToolParameters,23366,65253,39509,0,0,0,0,0,0,44.000000,5
EndFrame
SetLocation,-4760.432677,-2448.080569,-6345.803390
SetRotation,-0.576266,0.000000,0.817262,-0.069007,0.996429,-0.048658,-0.814344,-0.084436,-0.574209
SetToolParameters,23366,65253,39509,0,0,0,0,0,0,44.000000,5
EndFrame
SetLocation,-4760.432677,-2448.080569,-6345.803390
SetRotation,-0.576266,0.000000,0.817262,-0.069007,0.996429,-0.048658,-0.814344,-0.084436,-0.574209
SetToolParameters,23366,65253,39509,0,0,0,0,0,0,44.000000,5
EndFrame
SetLocation,-4760.432677,-2448.080569,-6345.803390
SetRotation,-0.576266,0.000000,0.817262,-0.069007,0.996429,-0.048658,-0.814344,-0.084436,-0.574209
SetToolParameters,23366,65253,39509,0,0,0,0,0,0,44.000000,5
EndFrame
SetLocation,-4760.432677,-2448.080569,-6345.803390
SetRotation,-0.576266,0.000000,0.817262,-0.069007,0.996429,-0.048658,-0.814344,-0.084436,-0.574209
SetToolParameters,23366,65253,39509,0,0,0,0,0,0,44.000000,5
EndFrame
SetLocation,-4760.432677,-2448.080569,-6345.803390
SetRotation,-0.576266,0.000000,0.817262,-0.069007,0.996429,-0.048658,-0.814344,-0.084436,-0.574209
SetToolParameters,23366,65253,39509,0,0,0,0,0,0,44.000000,5
EndFrame
SetLocation,-4760.432677,-2448.080569,-6345.803390
SetRotation,-0.576266,0.000000,0.817262,-0.069007,0.996429,-0.048658,-0.814344,-0.084436,-0.574209
SetToolParameters,23366,65253,39509,0,0,0,0,0,0,44.000000,5
EndFrame
SetLocation,-4760.432677,-2448.080569,-6345.803390
SetRotation,-0.576266,0.000000,0.817262,-0.069007,0.996429,-0.048658,-0.814344,-0.084436,-0.574209
SetToolParameters,23366,65253,39509,0,0,0,0,0,0,44.000000,5
EndFrame
SetLocation,-4760.432677,-2448.080569,-6345.803390
SetRotation,-0.576266,0.000000,0.817262,-0.069007,0.996429,-0.048658,-0.814344,-0.084436,-0.574209
SetToolParameters,23366,65253,39509,0,0,0,0,0,0,44.000000,5
EndFrame
SetLocation,-4760.432677,-2448.080569,-6345.803390
SetRotation,-0.576266,0.000000,0.817262,-0.069007,0.996429,-0.048658,-0.814344,-0.084436,-0.574209
SetToolParameters,23366,65253,39509,0,0,0,0,0,0,44.000000,5
EndFrame
SetLocation,-4760.432677,-2448.080569,-6345.803390
SetRotation,-0.576266,0.000000,0.817262,-0.069007,0.996429,-0.048658,-0.814344,-0.084436,-0.574209
SetToolParameters,23366,65253,39509,0,0,0,0,0,0,44.000000,0
EndFrame
SetLocation,-4760.432677,-2448.080569,-6345.803390
SetRotation,-0.576266,0.000000,0.817262,-0.069007,0.996429,-0.048658,-0.814344,-0.084436,-0.574209
SetToolParameters,23366,65253,39509,0,0,0,0,0,0,44.000000,0
EndFrame
SetLocation,-4760.432677,-2448.080569,-6345.803390
SetRotation,-0.576266,0.000000,0.817262,-0.069007,0.996429,-0.048658,-0.814344,-0.084436,-0.574209
SetToolParameters,23366,65253,39509,0,0,0,0,0,0,44.000000,0
EndFrame
SetLocation,-4760.432677,-2448.080569,-6345.803390
SetRotation,-0.576266,0.000000,0.817262,-0.069007,0.996429,-0.048658,-0.814344,-0.084436,-0.574209
SetToolParameters,23366,65253,39509,0,0,0,0,0,0,44.000000,0
EndFrame
SetLocation,-4760.432677,-2448.080569,-6345.803390
SetRotation,-0.576266,0.000000,0.817262,-0.069007,0.996429,-0.048658,-0.814344,-0.084436,-0.574209
SetToolParameters,23366,65253,39509,0,0,0,0,0,0,44.000000,0
EndFrame
SetLocation,-4760.432677,-2448.080569,-6345.803390
SetRotation,-0.576266,0.000000,0.817262,-0.069007,0.996429,-0.048658,-0.814344,-0.084436,-0.574209
SetToolParameters,23366,65253,39509,0,0,0,0,0,0,44.000000,0
EndFrame
SetLocation,-4760.432677,-2448.080569,-6345.803390
SetRotation,-0.576266,0.000000,0.817262,-0.069007,0.996429,-0.048658,-0.814344,-0.084436,-0.574209
SetToolParameters,23366,65253,39509,0,0,0,0,0,0,44.000000,0
EndFrame
SetLocation,-4760.432677,-2448.080569,-6345.803390
SetRotation,-0.576266,0.000000,0.817262,-0.069007,0.996429,-0.048658,-0.814344,-0.084436,-0.574209
SetToolParameters,23366,65253,39509,0,0,0,0,0,0,44.000000,0
EndFrame
SetLocation,-4760.432677,-2448.080569,-6345.803390
SetRotation,-0.576266,0.000000,0.817262,-0.069007,0.996429,-0.048658,-0.814344,-0.084436,-0.574209
SetToolParameters,23366,65253,39509,0,0,0,0,0,0,44.000000,0
EndFrame
SetLocation,-4760.432677,-2448.080569,-6345.803390
SetRotation,-0.576266,0.000000,0.817262,-0.069007,0.996429,-0.048658,-0.814344,-0.084436,-0.574209
SetToolParameters,23366,65253,39509,0,0,0,0,0,0,44.000000,0
EndFrame
SetLocation,-4760.432677,-2448.080569,-6345.803390
SetRotation,-0.576266,0.000000,0.817262,-0.069007,0.996429,-0.048658,-0.814344,-0.084436,-0.574209
SetToolParameters,23366,65253,39509,0,0,0,0,0,0,43.000000,0
EndFrame
SetLocation,-4760.432677,-2448.080569,-6345.803390
SetRotation,-0.576266,0.000000,0.817262,-0.069007,0.996429,-0.048658,-0.814344,-0.084436,-0.574209
SetToolParameters,23366,65253,39509,0,0,0,0,0,0,43.000000,0
EndFrame
SetLocation,-4760.432677,-2448.080569,-6345.803390
SetRotation,-0.576266,0.000000,0.817262,-0.069007,0.996429,-0.048658,-0.814344,-0.084436,-0.574209
SetToolParameters,23366,65253,39509,0,0,0,0,0,0,42.000000,0
EndFrame
SetLocation,-4760.432677,-2448.080569,-6345.803390
SetRotation,-0.576266,0.000000,0.817262,-0.069007,0.996429,-0.048658,-0.814344,-0.084436,-0.574209
SetToolParameters,23366,65253,39509,0,0,0,0,0,0,41.000000,0
EndFrame
SetLocation,-4760.432677,-2448.080569,-6345.803390
SetRotation,-0.576266,0.000000,0.817262,-0.069007,0.996429,-0.048658,-0.814344,-0.084436,-0.574209
SetToolParameters,23366,65253,39509,0,0,0,0,0,0,41.000000,0
EndFrame
SetLocation,-4760.432677,-2448.080569,-6345.803390
SetRotation,-0.576266,0.000000,0.817262,-0.069007,0.996429,-0.048658,-0.814344,-0.084436,-0.574209
SetToolParameters,23366,65253,39509,0,0,0,0,0,0,40.000000,0
EndFrame
SetLocation,-4760.432677,-2448.080569,-6345.803390
SetRotation,-0.576266,0.000000,0.817262,-0.069007,0.996429,-0.048658,-0.814344,-0.084436,-0.574209
SetToolParameters,23366,65253,39509,0,0,0,0,0,0,40.000000,0
EndFrame
SetLocation,-4760.432677,-2448.080569,-6345.803390
SetRotation,-0.576266,0.000000,0.817262,-0.069007,0.996429,-0.048658,-0.814344,-0.084436,-0.574209
SetToolParameters,23366,65253,39509,0,0,0,0,0,0,40.000000,0
EndFrame
SetLocation,-4760.432677,-2448.080569,-6345.803390
SetRotation,-0.576266,0.000000,0.817262,-0.069007,0.996429,-0.048658,-0.814344,-0.084436,-0.574209
SetToolParameters,23366,65253,39509,0,0,0,0,0,0,39.000000,0
EndFrame
SetLocation,-4760.432677,-2448.080569,-6345.803390
SetRotation,-0.576266,0.000000,0.817262,-0.069007,0.996429,-0.048658,-0.814344,-0.084436,-0.574209
SetToolParameters,23366,65253,39509,0,0,0,0,0,0,39.000000,0
EndFrame
SetLocation,-4760.432677,-2448.080569,-6345.803390
SetRotation,-0.576266,0.000000,0.817262,-0.069007,0.996429,-0.048658,-0.814344,-0.084436,-0.574209
SetToolParameters,23366,65253,39509,0,0,0,0,0,0,39.000000,0
EndFrame
SetLocation,-4760.432677,-2448.080569,-6345.803390
SetRotation,-0.576266,0.000000,0.817262,-0.069007,0.996429,-0.048658,-0.814344,-0.084436,-0.574209
SetToolParameters,23366,65253,39509,0,0,0,0,0,0,39.000000,0
EndFrame
SetLocation,-4760.432677,-2448.080569,-6345.803390
SetRotation,-0.576266,0.000000,0.817262,-0.069007,0.996429,-0.048658,-0.814344,-0.084436,-0.574209
SetToolParameters,23366,65253,39509,0,0,0,0,0,0,39.000000,0
EndFrame
SetLocation,-4760.432677,-2448.080569,-6345.803390
SetRotation,-0.576266,0.000000,0.817262,-0.069007,0.996429,-0.048658,-0.814344,-0.084436,-0.574209
SetToolParameters,23366,65253,39509,0,0,0,0,0,0,39.000000,0
EndFrame
SetLocation,-4760.432677,-2448.080569,-6345.803390
SetRotation,-0.576266,0.000000,0.817262,-0.069007,0.996429,-0.048658,-0.814344,-0.084436,-0.574209
SetToolParameters,23366,65253,39509,0,0,0,0,0,0,39.000000,0
EndFrame
SetLocation,-4760.432677,-2448.080569,-6345.803390
SetRotation,-0.576266,0.000000,0.817262,-0.069007,0.996429,-0.048658,-0.814344,-0.084436,-0.574209
SetToolParameters,23366,65253,39509,0,0,0,0,0,0,39.000000,0
EndFrame
SetLocation,-4760.432677,-2448.080569,-6345.803390
SetRotation,-0.576266,0.000000,0.817262,-0.069007,0.996429,-0.048658,-0.814344,-0.084436,-0.574209
SetToolParameters,23366,65253,39509,0,0,0,0,0,0,39.000000,0
EndFrame
SetLocation,-4760.432677,-2448.080569,-6345.803390
SetRotation,-0.576266,0.000000,0.817262,-0.069007,0.996429,-0.048658,-0.814344,-0.084436,-0.574209
SetToolParameters,23366,65253,39509,0,0,0,0,0,0,38.000000,0
EndFrame
SetLocation,-4760.432677,-2448.080569,-6345.803390
SetRotation,-0.576266,0.000000,0.817262,-0.069007,0.996429,-0.048658,-0.814344,-0.084436,-0.574209
SetToolParameters,23366,65253,39509,0,0,0,0,0,0,37.000000,0
EndFrame
SetLocation,-4760.432677,-2448.080569,-6345.803390
SetRotation,-0.576266,0.000000,0.817262,-0.069007,0.996429,-0.048658,-0.814344,-0.084436,-0.574209
SetToolParameters,23366,65253,39509,0,0,0,0,0,0,35.000000,0
EndFrame
SetLocation,-4760.432677,-2448.080569,-6345.803390
SetRotation,-0.576266,0.000000,0.817262,-0.069007,0.996429,-0.048658,-0.814344,-0.084436,-0.574209
SetToolParameters,23366,65253,39509,0,0,0,0,0,0,34.000000,0
EndFrame
SetLocation,-4760.432677,-2448.080569,-6345.803390
SetRotation,-0.576266,0.000000,0.817262,-0.069007,0.996429,-0.048658,-0.814344,-0.084436,-0.574209
SetToolParameters,23366,65253,39509,0,0,0,0,0,0,34.000000,0
EndFrame
SetLocation,-4760.432677,-2448.080569,-6345.803390
SetRotation,-0.576266,0.000000,0.817262,-0.069007,0.996429,-0.048658,-0.814344,-0.084436,-0.574209
SetToolParameters,23366,65253,39509,0,0,0,0,0,0,34.000000,0
EndFrame
SetLocation,-4760.432677,-2448.080569,-6345.803390
SetRotation,-0.576266,0.000000,0.817262,-0.069007,0.996429,-0.048658,-0.814344,-0.084436,-0.574209
SetToolParameters,23366,65253,39509,0,0,0,0,0,0,34.000000,0
EndFrame
SetLocation,-4760.432677,-2448.080569,-6345.803390
SetRotation,-0.576266,0.000000,0.817262,-0.069007,0.996429,-0.048658,-0.814344,-0.084436,-0.574209
SetToolParameters,23366,65253,39509,0,0,0,0,0,0,34.000000,0
EndFrame
SetLocation,-4760.432677,-2448.080569,-6345.803390
SetRotation,-0.576266,0.000000,0.817262,-0.069007,0.996429,-0.048658,-0.814344,-0.084436,-0.574209
SetToolParameters,23366,65253,39509,0,0,0,0,0,0,34.000000,0
EndFrame
SetLocation,-4760.432677,-2448.080569,-6345.803390
SetRotation,-0.576266,0.000000,0.817262,-0.069007,0.996429,-0.048658,-0.814344,-0.084436,-0.574209
SetToolParameters,23366,65253,39509,0,0,0,0,0,0,34.000000,0
EndFrame
SetLocation,-4760.432677,-2448.080569,-6345.803390
SetRotation,-0.576266,0.000000,0.817262,-0.069007,0.996429,-0.048658,-0.814344,-0.084436,-0.574209
SetToolParameters,23366,65253,39509,0,0,0,0,0,0,34.000000,0
EndFrame
SetLocation,-4760.432677,-2448.080569,-6345.803390
SetRotation,-0.576266,0.000000,0.817262,-0.069007,0.996429,-0.048658,-0.814344,-0.084436,-0.574209
SetToolParameters,23366,65253,39509,0,0,0,0,0,0,34.000000,0
EndFrame
SetLocation,-4760.432677,-2448.080569,-6345.803390
SetRotation,-0.576266,0.000000,0.817262,-0.069007,0.996429,-0.048658,-0.814344,-0.084436,-0.574209
SetToolParameters,23366,65253,39509,0,0,0,0,0,0,34.000000,0
EndFrame
SetLocation,-4760.432677,-2448.080569,-6345.803390
SetRotation,-0.576266,0.000000,0.817262,-0.069007,0.996429,-0.048658,-0.814344,-0.084436,-0.574209
SetToolParameters,23366,65253,39509,0,0,0,0,0,0,34.000000,0
EndFrame
SetLocation,-4760.432677,-2448.080569,-6345.803390
SetRotation,-0.576266,0.000000,0.817262,-0.069007,0.996429,-0.048658,-0.814344,-0.084436,-0.574209
SetToolParameters,23366,65253,39509,0,0,0,0,0,0,34.000000,0
EndFrame
SetLocation,-4760.432677,-2448.080569,-6345.803390
SetRotation,-0.576266,0.000000,0.817262,-0.069007,0.996429,-0.048658,-0.814344,-0.084436,-0.574209
SetToolParameters,23366,65253,39509,0,0,0,0,0,0,32.000000,0
EndFrame
SetLocation,-4760.432677,-2448.080569,-6345.803390
SetRotation,-0.576266,0.000000,0.817262,-0.069007,0.996429,-0.048658,-0.814344,-0.084436,-0.574209
SetToolParameters,23366,65253,39509,0,0,0,0,0,0,31.000000,0
EndFrame
SetLocation,-4760.432677,-2448.080569,-6345.803390
SetRotation,-0.576266,0.000000,0.817262,-0.069007,0.996429,-0.048658,-0.814344,-0.084436,-0.574209
SetToolParameters,23366,65253,39509,0,0,0,0,0,0,29.000000,0
EndFrame
SetLocation,-4760.432677,-2448.080569,-6345.803390
SetRotation,-0.576266,0.000000,0.817262,-0.069007,0.996429,-0.048658,-0.814344,-0.084436,-0.574209
SetToolParameters,23366,65253,39509,0,0,0,0,0,0,29.000000,0
EndFrame
SetLocation,-4760.432677,-2448.080569,-6345.803390
SetRotation,-0.576266,0.000000,0.817262,-0.069007,0.996429,-0.048658,-0.814344,-0.084436,-0.574209
SetToolParameters,23366,65253,39509,0,0,0,0,0,0,28.000000,0
EndFrame
SetLocation,-4760.432677,-2448.080569,-6345.803390
SetRotation,-0.576266,0.000000,0.817262,-0.069007,0.996429,-0.048658,-0.814344,-0.084436,-0.574209
SetToolParameters,23366,65253,39509,0,0,0,0,0,0,28.000000,0
EndFrame
SetLocation,-4760.432677,-2448.080569,-6345.803390
SetRotation,-0.576266,0.000000,0.817262,-0.069007,0.996429,-0.048658,-0.814344,-0.084436,-0.574209
SetToolParameters,23366,65253,39509,0,0,0,0,0,0,28.000000,0
EndFrame
SetLocation,-4760.432677,-2448.080569,-6345.803390
SetRotation,-0.576266,0.000000,0.817262,-0.069007,0.996429,-0.048658,-0.814344,-0.084436,-0.574209
SetToolParameters,23366,65253,39509,0,0,0,0,0,0,28.000000,0
EndFrame
SetLocation,-4760.432677,-2448.080569,-6345.803390
SetRotation,-0.576266,0.000000,0.817262,-0.069007,0.996429,-0.048658,-0.814344,-0.084436,-0.574209
SetToolParameters,23366,65253,39509,0,0,0,0,0,0,28.000000,0
EndFrame
SetLocation,-4760.432677,-2448.080569,-6345.803390
SetRotation,-0.576266,0.000000,0.817262,-0.069007,0.996429,-0.048658,-0.814344,-0.084436,-0.574209
SetToolParameters,23366,65253,39509,0,0,0,0,0,0,28.000000,0
EndFrame
SetLocation,-4760.432677,-2448.080569,-6345.803390
SetRotation,-0.576266,0.000000,0.817262,-0.069007,0.996429,-0.048658,-0.814344,-0.084436,-0.574209
SetToolParameters,23366,65253,39509,0,0,0,0,0,0,28.000000,0
EndFrame
SetLocation,-4760.432677,-2448.080569,-6345.803390
SetRotation,-0.576266,0.000000,0.817262,-0.069007,0.996429,-0.048658,-0.814344,-0.084436,-0.574209
SetToolParameters,23366,65253,39509,0,0,0,0,0,0,28.000000,0
EndFrame
SetLocation,-4760.432677,-2448.080569,-6345.803390
SetRotation,-0.576266,0.000000,0.817262,-0.069007,0.996429,-0.048658,-0.814344,-0.084436,-0.574209
SetToolParameters,23366,65253,39509,0,0,0,0,0,0,28.000000,0
EndFrame
SetLocation,-4760.432677,-2448.080569,-6345.803390
SetRotation,-0.576266,0.000000,0.817262,-0.069007,0.996429,-0.048658,-0.814344,-0.084436,-0.574209
SetToolParameters,23366,65253,39509,0,0,0,0,0,0,27.000000,0
EndFrame
SetLocation,-4760.432677,-2448.080569,-6345.803390
SetRotation,-0.576266,0.000000,0.817262,-0.069007,0.996429,-0.048658,-0.814344,-0.084436,-0.574209
SetToolParameters,23366,65253,39509,0,0,0,0,0,0,26.000000,0
EndFrame
SetLocation,-4760.432677,-2448.080569,-6345.803390
SetRotation,-0.576266,0.000000,0.817262,-0.069007,0.996429,-0.048658,-0.814344,-0.084436,-0.574209
SetToolParameters,23366,65253,39509,0,0,0,0,0,0,22.000000,0
EndFrame
SetLocation,-4760.432677,-2448.080569,-6345.803390
SetRotation,-0.576266,0.000000,0.817262,-0.069007,0.996429,-0.048658,-0.814344,-0.084436,-0.574209
SetToolParameters,23366,65253,39509,0,0,0,0,0,0,20.000000,0
EndFrame
SetLocation,-4760.432677,-2448.080569,-6345.803390
SetRotation,-0.576266,0.000000,0.817262,-0.069007,0.996429,-0.048658,-0.814344,-0.084436,-0.574209
SetToolParameters,23366,65253,39509,0,0,0,0,0,0,20.000000,0
EndFrame
SetLocation,-4760.432677,-2448.080569,-6345.803390
SetRotation,-0.576266,0.000000,0.817262,-0.069007,0.996429,-0.048658,-0.814344,-0.084436,-0.574209
SetToolParameters,23366,65253,39509,0,0,0,0,0,0,20.000000,0
EndFrame
SetLocation,-4760.432677,-2448.080569,-6345.803390
SetRotation,-0.576266,0.000000,0.817262,-0.069007,0.996429,-0.048658,-0.814344,-0.084436,-0.574209
SetToolParameters,23366,65253,39509,0,0,0,0,0,0,20.000000,0
EndFrame
SetLocation,-4760.432677,-2448.080569,-6345.803390
SetRotation,-0.576266,0.000000,0.817262,-0.069007,0.996429,-0.048658,-0.814344,-0.084436,-0.574209
SetToolParameters,23366,65253,39509,0,0,0,0,0,0,20.000000,0
EndFrame
SetLocation,-4760.432677,-2448.080569,-6345.803390
SetRotation,-0.576266,0.000000,0.817262,-0.069007,0.996429,-0.048658,-0.814344,-0.084436,-0.574209
SetToolParameters,23366,65253,39509,0,0,0,0,0,0,20.000000,0
EndFrame
SetLocation,-4760.432677,-2448.080569,-6345.803390
SetRotation,-0.576266,0.000000,0.817262,-0.069007,0.996429,-0.048658,-0.814344,-0.084436,-0.574209
SetToolParameters,23366,65253,39509,0,0,0,0,0,0,20.000000,0
EndFrame
SetLocation,-4760.432677,-2448.080569,-6345.803390
SetRotation,-0.576266,0.000000,0.817262,-0.069007,0.996429,-0.048658,-0.814344,-0.084436,-0.574209
SetToolParameters,23366,65253,39509,0,0,0,0,0,0,20.000000,0
EndFrame
SetLocation,-4760.432677,-2448.080569,-6345.803390
SetRotation,-0.576266,0.000000,0.817262,-0.069007,0.996429,-0.048658,-0.814344,-0.084436,-0.574209
SetToolParameters,23366,65253,39509,0,0,0,0,0,0,20.000000,0
EndFrame
SetLocation,-4760.432677,-2448.080569,-6345.803390
SetRotation,-0.576266,0.000000,0.817262,-0.069007,0.996429,-0.048658,-0.814344,-0.084436,-0.574209
SetToolParameters,23366,65253,39509,0,0,0,0,0,0,20.000000,0
EndFrame
SetLocation,-4760.432677,-2448.080569,-6345.803390
SetRotation,-0.576266,0.000000,0.817262,-0.069007,0.996429,-0.048658,-0.814344,-0.084436,-0.574209
SetToolParameters,23366,65253,39509,0,0,0,0,0,0,20.000000,0
EditSphere,23366.000000,65253.000000,39509.000000,20.000000,false
EndFrame
SetLocation,-4760.432677,-2448.080569,-6345.803390
SetRotation,-0.576266,0.000000,0.817262,-0.069007,0.996429,-0.048658,-0.814344,-0.084436,-0.574209
SetToolParameters,23351,65252,39493,0,0,0,0,0,0,20.000000,0
EditSphere,23351.000000,65252.000000,39493.000000,20.000000,false
EndFrame
SetLocation,-4760.432677,-2448.080569,-6345.803390
SetRotation,-0.576266,0.000000,0.817262,-0.069007,0.996429,-0.048658,-0.814344,-0.084436,-0.574209
SetToolParameters,23336,65251,39477,0,0,0,0,0,0,20.000000,0
EndFrame
SetLocation,-4760.432677,-2448.080569,-6345.803390
SetRotation,-0.576266,0.000000,0.817262,-0.069007,0.996429,-0.048658,-0.814344,-0.084436,-0.574209
SetToolParameters,23336,65251,39477,0,0,0,0,0,0,20.000000,0
EndFrame
SetLocation,-4760.432677,-2448.080569,-6345.803390
SetRotation,-0.576266,0.000000,0.817262,-0.069007,0.996429,-0.048658,-0.814344,-0.084436,-0.574209
SetToolParameters,23336,65251,39477,0,0,0,0,0,0,20.000000,0
EndFrame
SetLocation,-4760.432677,-2448.080569,-6345.803390
SetRotation,-0.576266,0.000000,0.817262,-0.069007,0.996429,-0.048658,-0.814344,-0.084436,-0.574209
SetToolParameters,23334,65250,39479,0,0,0,0,0,0,20.000000,0
EndFrame
SetLocation,-4760.432677,-2448.080569,-6345.803390
SetRotation,-0.576266,0.000000,0.817262,-0.069007,0.996429,-0.048658,-0.814344,-0.084436,-0.574209
SetToolParameters,23333,65249,39481,0,0,0,0,0,0,20.000000,0
EndFrame
SetLocation,-4760.432677,-2448.080569,-6345.803390
SetRotation,-0.576266,0.000000,0.817262,-0.069007,0.996429,-0.048658,-0.814344,-0.084436,-0.574209
SetToolParameters,23332,65249,39483,0,0,0,0,0,0,20.000000,0
EndFrame
SetLocation,-4760.432677,-2448.080569,-6345.803390
SetRotation,-0.576266,0.000000,0.817262,-0.069007,0.996429,-0.048658,-0.814344,-0.084436,-0.574209
SetToolParameters,23331,65249,39484,0,0,0,0,0,0,20.000000,0
EndFrame
