SetLocation,-951.243605,667.199855,-27.706481
SetRotation,0.000000,0.000000,-1.000000,0.000000,1.000000,0.000000,1.000000,0.000000,0.000000
EndFrame
SetLocation,-951.243605,667.199855,-27.706481
SetRotation,0.000000,0.000000,-1.000000,0.000000,1.000000,0.000000,1.000000,0.000000,0.000000
EndFrame
SetLocation,-951.243605,667.199855,-27.706481
SetRotation,0.000000,0.000000,-1.000000,0.000000,1.000000,0.000000,1.000000,0.000000,0.000000
EndFrame
SetLocation,-951.243605,667.199855,-27.706481
SetRotation,0.000000,0.000000,-1.000000,0.000000,1.000000,0.000000,1.000000,0.000000,0.000000
EndFrame
SetLocation,-951.243605,667.199855,-27.706481
SetRotation,0.000000,0.000000,-1.000000,0.000000,1.000000,0.000000,1.000000,0.000000,0.000000
EndFrame
SetLocation,-951.243605,667.199855,-27.706481
SetRotation,0.000000,0.000000,-1.000000,0.000000,1.000000,0.000000,1.000000,0.000000,0.000000
EndFrame
SetLocation,-951.243605,667.199855,-27.706481
SetRotation,0.000000,0.000000,-1.000000,0.000000,1.000000,0.000000,1.000000,0.000000,0.000000
EndFrame
SetLocation,-951.243605,667.199855,-27.706481
SetRotation,0.000000,0.000000,-1.000000,0.000000,1.000000,0.000000,1.000000,0.000000,0.000000
EndFrame
SetLocation,-951.243605,667.199855,-27.706481
SetRotation,0.000000,0.000000,-1.000000,0.000000,1.000000,0.000000,1.000000,0.000000,0.000000
EndFrame
SetLocation,-951.243605,667.199855,-27.706481
SetRotation,0.000000,0.000000,-1.000000,0.000000,1.000000,0.000000,1.000000,0.000000,0.000000
EndFrame
SetLocation,-951.243605,667.199855,-27.706481
SetRotation,0.000000,0.000000,-1.000000,0.000000,1.000000,0.000000,1.000000,0.000000,0.000000
EndFrame
SetLocation,-951.243605,667.199855,-27.706481
SetRotation,0.000000,0.000000,-1.000000,0.000000,1.000000,0.000000,1.000000,0.000000,0.000000
EndFrame
SetLocation,-951.243605,667.199855,-27.706481
SetRotation,0.000000,0.000000,-1.000000,0.000000,1.000000,0.000000,1.000000,0.000000,0.000000
EndFrame
SetLocation,-951.243605,667.199855,-27.706481
SetRotation,0.000000,0.000000,-1.000000,0.000000,1.000000,0.000000,1.000000,0.000000,0.000000
EndFrame
SetLocation,-951.243605,667.199855,-27.706481
SetRotation,0.000000,0.000000,-1.000000,0.000000,1.000000,0.000000,1.000000,0.000000,0.000000
EndFrame
SetLocation,-951.243605,667.199855,-27.706481
SetRotation,0.000000,0.000000,-1.000000,0.000000,1.000000,0.000000,1.000000,0.000000,0.000000
EndFrame
SetLocation,-951.243605,667.199855,-27.706481
SetRotation,0.000000,0.000000,-1.000000,0.000000,1.000000,0.000000,1.000000,0.000000,0.000000
EndFrame
SetLocation,-951.243605,667.199855,-27.706481
SetRotation,0.000000,0.000000,-1.000000,0.000000,1.000000,0.000000,1.000000,0.000000,0.000000
EndFrame
SetLocation,-951.243605,667.199855,-27.706481
SetRotation,0.000000,0.000000,-1.000000,0.000000,1.000000,0.000000,1.000000,0.000000,0.000000
EndFrame
SetLocation,-951.243605,667.199855,-27.706481
SetRotation,0.000000,0.000000,-1.000000,0.000000,1.000000,0.000000,1.000000,0.000000,0.000000
EndFrame
SetLocation,-951.243605,667.199855,-27.706481
SetRotation,0.000000,0.000000,-1.000000,0.000000,1.000000,0.000000,1.000000,0.000000,0.000000
EndFrame
SetLocation,-951.243605,667.199855,-27.706481
SetRotation,0.000000,0.000000,-1.000000,0.000000,1.000000,0.000000,1.000000,0.000000,0.000000
EndFrame
SetLocation,-951.243605,667.199855,-27.706481
SetRotation,0.000000,0.000000,-1.000000,0.000000,1.000000,0.000000,1.000000,0.000000,0.000000
EndFrame
SetLocation,-951.243605,667.199855,-27.706481
SetRotation,0.000000,0.000000,-1.000000,0.000000,1.000000,0.000000,1.000000,0.000000,0.000000
EndFrame
SetLocation,-951.243605,667.199855,-27.706481
SetRotation,0.000000,0.000000,-1.000000,0.000000,1.000000,0.000000,1.000000,0.000000,0.000000
EndFrame
SetLocation,-951.243605,667.199855,-27.706481
SetRotation,0.000000,0.000000,-1.000000,0.000000,1.000000,0.000000,1.000000,0.000000,0.000000
EndFrame
SetLocation,-951.243605,667.199855,-27.706481
SetRotation,0.000000,0.000000,-1.000000,0.000000,1.000000,0.000000,1.000000,0.000000,0.000000
EndFrame
SetLocation,-951.243605,667.199855,-27.706481
SetRotation,0.000000,0.000000,-1.000000,0.000000,1.000000,0.000000,1.000000,0.000000,0.000000
EndFrame
SetLocation,-951.243605,667.199855,-27.706481
SetRotation,0.000000,0.000000,-1.000000,0.000000,1.000000,0.000000,1.000000,0.000000,0.000000
EndFrame
SetLocation,-951.243605,667.199855,-27.706481
SetRotation,0.000000,0.000000,-1.000000,0.000000,1.000000,0.000000,1.000000,0.000000,0.000000
EndFrame
SetLocation,-951.243605,667.199855,-27.706481
SetRotation,0.000000,0.000000,-1.000000,0.000000,1.000000,0.000000,1.000000,0.000000,0.000000
EndFrame
SetLocation,-951.243605,667.199855,-27.706481
SetRotation,0.000000,0.000000,-1.000000,0.000000,1.000000,0.000000,1.000000,0.000000,0.000000
EndFrame
SetLocation,-951.243605,667.199855,-27.706481
SetRotation,0.000000,0.000000,-1.000000,0.000000,1.000000,0.000000,1.000000,0.000000,0.000000
EndFrame
SetLocation,-951.243605,667.199855,-27.706481
SetRotation,0.000000,0.000000,-1.000000,0.000000,1.000000,0.000000,1.000000,0.000000,0.000000
EndFrame
SetLocation,-934.247705,667.199855,-27.706481
SetRotation,0.000000,0.000000,-1.000000,0.000000,1.000000,0.000000,1.000000,0.000000,0.000000
EndFrame
SetLocation,-917.623305,667.199855,-27.706481
SetRotation,0.000000,0.000000,-1.000000,0.000000,1.000000,0.000000,1.000000,0.000000,0.000000
EndFrame
SetLocation,-900.946605,667.199855,-27.706481
SetRotation,0.000000,0.000000,-1.000000,0.000000,1.000000,0.000000,1.000000,0.000000,0.000000
EndFrame
SetLocation,-884.159705,667.199855,-27.706481
SetRotation,0.000000,0.000000,-1.000000,0.000000,1.000000,0.000000,1.000000,0.000000,0.000000
EndFrame
SetLocation,-867.084805,667.199855,-27.706481
SetRotation,0.000000,0.000000,-1.000000,0.000000,1.000000,0.000000,1.000000,0.000000,0.000000
EndFrame
SetLocation,-851.132205,667.199855,-27.706481
SetRotation,0.000000,0.000000,-1.000000,0.000000,1.000000,0.000000,1.000000,0.000000,0.000000
EndFrame
SetLocation,-834.452505,667.199855,-27.706481
SetRotation,0.000000,0.000000,-1.000000,0.000000,1.000000,0.000000,1.000000,0.000000,0.000000
EndFrame
SetLocation,-817.907305,667.199855,-27.706481
SetRotation,0.000000,0.000000,-1.000000,0.000000,1.000000,0.000000,1.000000,0.000000,0.000000
EndFrame
SetLocation,-800.382505,667.199855,-27.706481
SetRotation,0.000000,0.000000,-1.000000,0.000000,1.000000,0.000000,1.000000,0.000000,0.000000
EndFrame
SetLocation,-784.667805,667.199855,-27.706481
SetRotation,0.000000,0.000000,-1.000000,0.000000,1.000000,0.000000,1.000000,0.000000,0.000000
EndFrame
SetLocation,-768.031205,667.199855,-27.706481
SetRotation,0.000000,0.000000,-1.000000,0.000000,1.000000,0.000000,1.000000,0.000000,0.000000
EndFrame
SetLocation,-750.845905,667.199855,-27.706481
SetRotation,0.000000,0.000000,-1.000000,0.000000,1.000000,0.000000,1.000000,0.000000,0.000000
EndFrame
SetLocation,-734.677805,667.199855,-27.706481
SetRotation,0.000000,0.000000,-1.000000,0.000000,1.000000,0.000000,1.000000,0.000000,0.000000
EndFrame
SetLocation,-717.849605,667.199855,-27.706481
SetRotation,0.000000,0.000000,-1.000000,0.000000,1.000000,0.000000,1.000000,0.000000,0.000000
EndFrame
SetLocation,-701.085505,667.199855,-27.706481
SetRotation,0.000000,0.000000,-1.000000,0.000000,1.000000,0.000000,1.000000,0.000000,0.000000
EndFrame
SetLocation,-684.390505,667.199855,-27.706481
SetRotation,0.000000,0.000000,-1.000000,0.000000,1.000000,0.000000,1.000000,0.000000,0.000000
EndFrame
SetLocation,-667.529905,667.199855,-27.706481
SetRotation,0.000000,0.000000,-1.000000,0.000000,1.000000,0.000000,1.000000,0.000000,0.000000
EndFrame
SetLocation,-651.019705,667.199855,-27.706481
SetRotation,0.000000,0.000000,-1.000000,0.000000,1.000000,0.000000,1.000000,0.000000,0.000000
EndFrame
SetLocation,-634.345005,667.199855,-27.706481
SetRotation,0.000000,0.000000,-1.000000,0.000000,1.000000,0.000000,1.000000,0.000000,0.000000
EndFrame
SetLocation,-617.476005,667.199855,-27.706481
SetRotation,0.000000,0.000000,-1.000000,0.033732,0.999431,0.000000,0.999431,-0.033732,0.000000
EndFrame
SetLocation,-600.797002,666.636925,-27.706481
SetRotation,0.000000,0.000000,-1.000000,0.067065,0.997749,0.000000,0.997749,-0.067065,0.000000
EndFrame
SetLocation,-583.454734,665.471248,-27.706481
SetRotation,0.000000,0.000000,-1.000000,0.101702,0.994815,0.000000,0.994815,-0.101702,0.000000
EndFrame
SetLocation,-567.969444,663.888160,-27.706481
SetRotation,0.000000,0.000000,-1.000000,0.132618,0.991167,0.000000,0.991167,-0.132618,0.000000
EndFrame
SetLocation,-551.039713,661.622966,-27.706481
SetRotation,0.000000,0.000000,-1.000000,0.166393,0.986059,0.000000,0.986059,-0.166393,0.000000
EndFrame
SetLocation,-534.589284,658.847024,-27.706481
SetRotation,0.000000,0.000000,-1.000000,0.199196,0.979960,0.000000,0.979960,-0.199196,0.000000
EndFrame
SetLocation,-518.443369,655.565057,-27.706481
SetRotation,0.000000,0.000000,-1.000000,0.199196,0.979960,0.000000,0.979960,-0.199196,0.000000
EndFrame
SetLocation,-502.391628,652.302233,-27.706481
SetRotation,0.000000,0.000000,-1.000000,0.199196,0.979960,0.000000,0.979960,-0.199196,0.000000
EndFrame
SetLocation,-485.827467,648.935250,-27.706481
SetRotation,0.000000,0.000000,-1.000000,0.199196,0.979960,0.000000,0.979960,-0.199196,0.000000
EndFrame
SetLocation,-469.489676,645.614281,-27.706481
SetRotation,0.000000,0.000000,-1.000000,0.199196,0.979960,0.000000,0.979960,-0.199196,0.000000
EndFrame
SetLocation,-453.101417,642.283053,-27.706481
SetRotation,0.000000,0.000000,-1.000000,0.199196,0.979960,0.000000,0.979960,-0.199196,0.000000
EndFrame
SetLocation,-436.672587,638.943579,-27.706481
SetRotation,0.000000,0.000000,-1.000000,0.199196,0.979960,0.000000,0.979960,-0.199196,0.000000
EndFrame
SetLocation,-420.285015,635.612491,-27.706481
SetRotation,0.000000,0.000000,-1.000000,0.199196,0.979960,0.000000,0.979960,-0.199196,0.000000
EndFrame
SetLocation,-403.541226,632.208995,-27.706481
SetRotation,0.000000,0.000000,-1.000000,0.199196,0.979960,0.000000,0.979960,-0.199196,0.000000
EndFrame
SetLocation,-387.641477,628.977066,-27.706481
SetRotation,0.000000,0.000000,-1.000000,0.199196,0.979960,0.000000,0.979960,-0.199196,0.000000
EndFrame
SetLocation,-371.647456,625.725975,-27.706481
SetRotation,0.000000,0.000000,-1.000000,0.199196,0.979960,0.000000,0.979960,-0.199196,0.000000
EndFrame
SetLocation,-355.241460,622.391142,-27.706481
SetRotation,0.000000,0.000000,-1.000000,0.199196,0.979960,0.000000,0.979960,-0.199196,0.000000
EndFrame
SetLocation,-338.801851,619.049476,-27.706481
SetRotation,0.000000,0.000000,-1.000000,0.199196,0.979960,0.000000,0.979960,-0.199196,0.000000
EndFrame
SetLocation,-322.406635,615.716834,-27.706481
SetRotation,0.000000,0.000000,-1.000000,0.199196,0.979960,0.000000,0.979960,-0.199196,0.000000
EndFrame
SetLocation,-306.045913,612.391204,-27.706481
SetRotation,0.000000,0.000000,-1.000000,0.199196,0.979960,0.000000,0.979960,-0.199196,0.000000
EndFrame
SetLocation,-289.842376,609.097525,-27.706481
SetRotation,0.000000,0.000000,-1.000000,0.199196,0.979960,0.000000,0.979960,-0.199196,0.000000
EndFrame
SetLocation,-273.248522,605.724506,-27.706481
SetRotation,0.000000,0.000000,-1.000000,0.199196,0.979960,0.000000,0.979960,-0.199196,0.000000
EndFrame
SetLocation,-257.026170,602.427002,-27.706481
SetRotation,0.000000,0.000000,-1.000000,0.199196,0.979960,0.000000,0.979960,-0.199196,0.000000
EndFrame
SetLocation,-240.711604,599.110754,-27.706481
SetRotation,0.000000,0.000000,-1.000000,0.199196,0.979960,0.000000,0.979960,-0.199196,0.000000
EndFrame
SetLocation,-224.603320,595.836437,-27.706481
SetRotation,0.000000,0.000000,-1.000000,0.199196,0.979960,0.000000,0.979960,-0.199196,0.000000
EndFrame
SetLocation,-207.295858,592.318363,-27.706481
SetRotation,0.000000,0.000000,-1.000000,0.199196,0.979960,0.000000,0.979960,-0.199196,0.000000
EndFrame
SetLocation,-191.599941,589.127867,-27.706481
SetRotation,0.000000,0.000000,-1.000000,0.199196,0.979960,0.000000,0.979960,-0.199196,0.000000
EndFrame
SetLocation,-175.163272,585.786799,-27.706481
SetRotation,0.000000,0.000000,-1.000000,0.199196,0.979960,0.000000,0.979960,-0.199196,0.000000
EndFrame
SetLocation,-159.221385,582.546305,-27.706481
SetRotation,0.000000,0.000000,-1.000000,0.199196,0.979960,0.000000,0.979960,-0.199196,0.000000
EndFrame
SetLocation,-142.991194,579.247208,-27.706481
SetRotation,0.000000,0.000000,-1.000000,0.199196,0.979960,0.000000,0.979960,-0.199196,0.000000
EndFrame
SetLocation,-126.336484,575.861819,-27.706481
SetRotation,0.000000,0.000000,-1.000000,0.199196,0.979960,0.000000,0.979960,-0.199196,0.000000
EndFrame
SetLocation,-109.974782,572.535990,-27.706481
SetRotation,0.000000,0.000000,-1.000000,0.199196,0.979960,0.000000,0.979960,-0.199196,0.000000
EndFrame
SetLocation,-93.571333,569.201674,-27.706481
SetRotation,0.000000,0.000000,-1.000000,0.199196,0.979960,0.000000,0.979960,-0.199196,0.000000
EndFrame
SetLocation,-77.389748,565.912457,-27.706481
SetRotation,0.000000,0.000000,-1.000000,0.199196,0.979960,0.000000,0.979960,-0.199196,0.000000
EndFrame
SetLocation,-60.930638,562.566828,-27.706481
SetRotation,0.000000,0.000000,-1.000000,0.199196,0.979960,0.000000,0.979960,-0.199196,0.000000
EndFrame
SetLocation,-44.570014,559.241217,-27.706481
SetRotation,0.000000,0.000000,-1.000000,0.199196,0.979960,0.000000,0.979960,-0.199196,0.000000
EndFrame
SetLocation,-28.670559,556.009348,-27.706481
SetRotation,0.000000,0.000000,-1.000000,0.199196,0.979960,0.000000,0.979960,-0.199196,0.000000
EndFrame
SetLocation,-12.194692,552.660313,-27.706481
SetRotation,0.000000,0.000000,-1.000000,0.199196,0.979960,0.000000,0.979960,-0.199196,0.000000
EndFrame
SetLocation,4.025210,549.363307,-27.706481
SetRotation,0.000000,0.000000,-1.000000,0.199196,0.979960,0.000000,0.979960,-0.199196,0.000000
EndFrame
SetLocation,20.718433,545.970089,-27.706481
SetRotation,0.000000,0.000000,-1.000000,0.199196,0.979960,0.000000,0.979960,-0.199196,0.000000
EndFrame
SetLocation,36.910210,542.678800,-27.706481
SetRotation,0.000000,0.000000,-1.000000,0.199196,0.979960,0.000000,0.979960,-0.199196,0.000000
EndFrame
SetLocation,52.917656,539.424980,-27.706481
SetRotation,0.000000,0.000000,-1.000000,0.199196,0.979960,0.000000,0.979960,-0.199196,0.000000
EndFrame
SetLocation,69.103749,536.134847,-27.706481
SetRotation,0.000000,0.000000,-1.000000,0.199196,0.979960,0.000000,0.979960,-0.199196,0.000000
EndFrame
SetLocation,85.923092,532.715993,-27.706481
SetRotation,0.000000,0.000000,-1.000000,0.199196,0.979960,0.000000,0.979960,-0.199196,0.000000
EndFrame
SetLocation,101.833719,529.481853,-27.706481
SetRotation,0.000000,0.000000,-1.000000,0.199196,0.979960,0.000000,0.979960,-0.199196,0.000000
EndFrame
SetLocation,118.410914,526.112220,-27.706481
SetRotation,0.000000,0.000000,-1.000000,0.199196,0.979960,0.000000,0.979960,-0.199196,0.000000
EndFrame
SetLocation,134.453835,522.851189,-27.706481
SetRotation,0.000000,0.000000,-1.000000,0.199196,0.979960,0.000000,0.979960,-0.199196,0.000000
EndFrame
SetLocation,150.922255,519.503667,-27.706481
SetRotation,0.000000,0.000000,-1.000000,0.199196,0.979960,0.000000,0.979960,-0.199196,0.000000
EndFrame
SetLocation,167.404100,516.153417,-27.706481
SetRotation,0.000000,0.000000,-1.000000,0.199196,0.979960,0.000000,0.979960,-0.199196,0.000000
EndFrame
SetLocation,183.776483,512.825416,-27.706481
SetRotation,0.000000,0.000000,-1.000000,0.199196,0.979960,0.000000,0.979960,-0.199196,0.000000
EndFrame
SetLocation,200.194337,509.488173,-27.706481
SetRotation,0.000000,0.000000,-1.000000,0.199196,0.979960,0.000000,0.979960,-0.199196,0.000000
EndFrame
SetLocation,216.283414,506.217759,-27.706481
SetRotation,0.000000,0.000000,-1.000000,0.199196,0.979960,0.000000,0.979960,-0.199196,0.000000
EndFrame
SetLocation,232.620813,502.896870,-27.706481
SetRotation,0.000000,0.000000,-1.000000,0.199196,0.979960,0.000000,0.979960,-0.199196,0.000000
EndFrame
SetLocation,248.954292,499.576777,-27.706481
SetRotation,0.000000,0.000000,-1.000000,0.199196,0.979960,0.000000,0.979960,-0.199196,0.000000
EndFrame
SetLocation,265.518454,496.209794,-27.706481
SetRotation,0.000000,0.000000,-1.000000,0.199196,0.979960,0.000000,0.979960,-0.199196,0.000000
EndFrame
SetLocation,281.625955,492.935636,-27.706481
SetRotation,0.000000,0.000000,-1.000000,0.199196,0.979960,0.000000,0.979960,-0.199196,0.000000
EndFrame
SetLocation,297.681321,489.672075,-27.706481
SetRotation,0.000000,0.000000,-1.000000,0.199196,0.979960,0.000000,0.979960,-0.199196,0.000000
EndFrame
SetLocation,313.856145,486.384232,-27.706481
SetRotation,0.000000,0.000000,-1.000000,0.199196,0.979960,0.000000,0.979960,-0.199196,0.000000
EndFrame
SetLocation,330.253615,483.051132,-27.706481
SetRotation,0.000000,0.000000,-1.000000,0.199196,0.979960,0.000000,0.979960,-0.199196,0.000000
EndFrame
SetLocation,346.675585,479.713052,-27.706481
SetRotation,0.000000,0.000000,-1.000000,0.199196,0.979960,0.000000,0.979960,-0.199196,0.000000
EndFrame
SetLocation,362.837767,476.427779,-27.706481
SetRotation,0.000000,0.000000,-1.000000,0.199196,0.979960,0.000000,0.979960,-0.199196,0.000000
EndFrame
SetLocation,379.069722,473.128323,-27.706481
SetRotation,0.000000,0.000000,-1.000000,0.199196,0.979960,0.000000,0.979960,-0.199196,0.000000
EndFrame
SetLocation,395.435050,469.801756,-27.706481
SetRotation,0.000000,0.000000,-1.000000,0.199196,0.979960,0.000000,0.979960,-0.199196,0.000000
EndFrame
SetLocation,411.819585,466.471286,-27.706481
SetRotation,0.000000,0.000000,-1.000000,0.199196,0.979960,0.000000,0.979960,-0.199196,0.000000
EndFrame
SetLocation,428.177759,463.146173,-27.706481
SetRotation,0.000000,0.000000,-1.000000,0.199196,0.979960,0.000000,0.979960,-0.199196,0.000000
EndFrame
SetLocation,444.500753,459.828212,-27.706481
SetRotation,0.000000,0.000000,-1.000000,0.199196,0.979960,0.000000,0.979960,-0.199196,0.000000
EndFrame
SetLocation,460.427157,456.590865,-27.706481
SetRotation,0.000000,0.000000,-1.000000,0.199196,0.979960,0.000000,0.979960,-0.199196,0.000000
EndFrame
SetLocation,476.619326,453.299497,-27.706481
SetRotation,0.000000,0.000000,-1.000000,0.199196,0.979960,0.000000,0.979960,-0.199196,0.000000
EndFrame
SetLocation,493.298143,449.909207,-27.706481
SetRotation,0.000000,0.000000,-1.000000,0.199196,0.979960,0.000000,0.979960,-0.199196,0.000000
EndFrame
SetLocation,509.521474,446.611504,-27.706481
SetRotation,0.033104,0.000000,-0.999452,0.199086,0.979960,0.006594,0.979423,-0.199196,0.032441
EndFrame
SetLocation,525.997812,443.260537,-27.160747
SetRotation,0.066706,0.000000,-0.997773,0.198752,0.979960,0.013287,0.977777,-0.199196,0.065369
EndFrame
SetLocation,542.224414,439.954806,-26.075925
SetRotation,0.099780,0.000000,-0.995010,0.198202,0.979960,0.019876,0.975069,-0.199196,0.097780
EndFrame
SetLocation,558.299601,436.670827,-24.463903
SetRotation,0.132527,0.000000,-0.991179,0.197439,0.979960,0.026399,0.971316,-0.199196,0.129871
EndFrame
SetLocation,574.424513,433.363961,-22.307893
SetRotation,0.165358,0.000000,-0.986234,0.196453,0.979960,0.032939,0.966469,-0.199196,0.162044
EndFrame
SetLocation,590.408949,430.069465,-19.627851
SetRotation,0.197884,0.000000,-0.980225,0.195257,0.979960,0.039418,0.960582,-0.199196,0.193918
EndFrame
SetLocation,606.595324,426.712900,-16.360213
SetRotation,0.230800,0.000000,-0.973001,0.193818,0.979960,0.045974,0.953502,-0.199196,0.226175
EndFrame
SetLocation,622.608914,423.367510,-12.561722
SetRotation,0.263346,0.000000,-0.964702,0.192164,0.979960,0.052457,0.945369,-0.199196,0.258068
EndFrame
SetLocation,638.224702,420.077157,-8.298898
SetRotation,0.295067,0.000000,-0.955477,0.190327,0.979960,0.058776,0.936329,-0.199196,0.289153
EndFrame
SetLocation,653.350811,416.859212,-3.627712
SetRotation,0.325778,0.000000,-0.945446,0.188329,0.979960,0.064894,0.926499,-0.199196,0.319249
EndFrame
SetLocation,668.767852,413.544577,1.684630
SetRotation,0.357057,0.000000,-0.934083,0.186065,0.979960,0.071124,0.915364,-0.199196,0.349901
EndFrame
SetLocation,684.137447,410.199944,7.559713
SetRotation,0.388217,0.000000,-0.921568,0.183572,0.979960,0.077331,0.903099,-0.199196,0.380437
EndFrame
SetLocation,699.459703,406.820331,14.014324
SetRotation,0.419259,0.000000,-0.907867,0.180843,0.979960,0.083515,0.889673,-0.199196,0.410857
EndFrame
SetLocation,714.819194,403.381379,21.107438
SetRotation,0.450350,0.000000,-0.892852,0.177852,0.979960,0.089708,0.874959,-0.199196,0.441325
EndFrame
SetLocation,728.712320,400.218431,28.115058
SetRotation,0.478473,0.000000,-0.878103,0.174914,0.979960,0.095310,0.860505,-0.199196,0.468884
EndFrame
SetLocation,742.945247,396.923696,35.870490
SetRotation,0.507253,0.000000,-0.861797,0.171666,0.979960,0.101043,0.844526,-0.199196,0.497088
EndFrame
SetLocation,757.028483,393.601931,44.159880
SetRotation,0.535709,0.000000,-0.844403,0.168201,0.979960,0.106711,0.827481,-0.199196,0.524973
EndFrame
SetLocation,770.779644,390.291678,52.883930
SetRotation,0.563472,0.000000,-0.826135,0.164562,0.979960,0.112241,0.809579,-0.199196,0.552180
EndFrame
SetLocation,784.370533,386.947662,62.153709
SetRotation,0.590887,0.000000,-0.806754,0.160702,0.979960,0.117702,0.790587,-0.199196,0.579046
EndFrame
SetLocation,797.437508,383.655317,71.724290
SetRotation,0.617228,0.000000,-0.786784,0.156724,0.979960,0.122949,0.771017,-0.199196,0.604858
EndFrame
SetLocation,810.185119,380.361917,81.724717
SetRotation,0.642902,0.000000,-0.765948,0.152574,0.979960,0.128063,0.750598,-0.199196,0.630018
EndFrame
SetLocation,822.545449,377.081703,92.099418
SetRotation,0.667775,0.000000,-0.744363,0.148274,0.979960,0.133018,0.729446,-0.199196,0.654393
EndFrame
SetLocation,834.611794,373.786650,102.924255
SetRotation,0.692032,0.000000,-0.721867,0.143793,0.979960,0.137850,0.707401,-0.199196,0.678163
EndFrame
SetLocation,846.490044,370.441877,114.311562
SetRotation,0.715879,0.000000,-0.698224,0.139083,0.979960,0.142600,0.684232,-0.199196,0.701533
EndFrame
SetLocation,858.025437,367.083658,126.138633
SetRotation,0.739010,0.000000,-0.673694,0.134197,0.979960,0.147208,0.660193,-0.199196,0.724200
EndFrame
SetLocation,869.103213,363.741236,138.290426
SetRotation,0.761199,0.000000,-0.648519,0.129182,0.979960,0.151627,0.635522,-0.199196,0.745944
EndFrame
SetLocation,879.019204,360.633207,149.929316
SetRotation,0.781062,0.000000,-0.624453,0.124388,0.979960,0.155584,0.611939,-0.199196,0.765410
EndFrame
SetLocation,890.172586,357.002608,163.879902
SetRotation,0.803301,0.000000,-0.595573,0.118635,0.979960,0.160014,0.583637,-0.199196,0.787203
EndFrame
SetLocation,900.055784,353.629469,177.210239
SetRotation,0.823007,0.000000,-0.568031,0.113149,0.979960,0.163939,0.556647,-0.199196,0.806514
EndFrame
SetLocation,900.055784,353.629469,177.210239
SetRotation,0.841138,0.000000,-0.540821,0.107729,0.979960,0.167551,0.529983,-0.199196,0.824281
EndFrame
SetLocation,900.055784,353.629469,177.210239
SetRotation,0.858918,0.000000,-0.512113,0.102011,0.979960,0.171093,0.501850,-0.199196,0.841705
EndFrame
SetLocation,900.055784,353.629469,177.210239
SetRotation,0.875644,0.000000,-0.482958,0.096203,0.979960,0.174424,0.473279,-0.199196,0.858095
EndFrame
SetLocation,900.055784,353.629469,177.210239
SetRotation,0.890884,0.000000,-0.454231,0.090481,0.979960,0.177460,0.445128,-0.199196,0.873031
EndFrame
SetLocation,900.055784,353.629469,177.210239
SetRotation,0.905473,0.000000,-0.424404,0.084539,0.979960,0.180366,0.415899,-0.199196,0.887327
EndFrame
SetLocation,900.055784,353.629469,177.210239
SetRotation,0.919101,0.000000,-0.394021,0.078487,0.979960,0.183081,0.386125,-0.199196,0.900682
EndFrame
SetLocation,900.055784,353.629469,177.210239
SetRotation,0.932205,0.000000,-0.361930,0.072095,0.979960,0.185691,0.354677,-0.199196,0.913524
EndFrame
SetLocation,900.055784,353.629469,177.210239
SetRotation,0.943931,0.000000,-0.330142,0.065763,0.979960,0.188027,0.323526,-0.199196,0.925015
EndFrame
SetLocation,900.055784,353.629469,177.210239
SetRotation,0.954256,0.000000,-0.298992,0.059558,0.979960,0.190084,0.293000,-0.199196,0.935132
EndFrame
SetLocation,900.055784,353.629469,177.210239
SetRotation,0.963706,0.000000,-0.266964,0.053178,0.979960,0.191966,0.261614,-0.199196,0.944394
EndFrame
SetLocation,900.055784,353.629469,177.210239
SetRotation,0.971882,0.000000,-0.235470,0.046905,0.979960,0.193595,0.230751,-0.199196,0.952405
EndFrame
SetLocation,900.055784,353.629469,177.210239
SetRotation,0.979196,0.000000,-0.202918,0.040420,0.979960,0.195051,0.198851,-0.199196,0.959572
EndFrame
SetLocation,900.055784,353.629469,177.210239
SetRotation,0.985411,0.000000,-0.170193,0.033902,0.979960,0.196289,0.166783,-0.199196,0.965663
EndFrame
SetLocation,900.055784,353.629469,177.210239
SetRotation,0.990556,0.000000,-0.137109,0.027311,0.979960,0.197314,0.134361,-0.199196,0.970705
EndFrame
SetLocation,900.055784,353.629469,177.210239
SetRotation,0.994582,0.000000,-0.103953,0.020707,0.979960,0.198116,0.101870,-0.199196,0.974651
EndFrame
SetLocation,900.055784,353.629469,177.210239
SetRotation,0.997531,0.000000,-0.070232,0.013990,0.979960,0.198704,0.068825,-0.199196,0.977540
EndFrame
SetLocation,900.055784,353.629469,177.210239
SetRotation,0.999293,0.000000,-0.037584,0.007487,0.979960,0.199055,0.036831,-0.199196,0.979267
EndFrame
SetLocation,900.055784,353.629469,177.210239
SetRotation,0.999989,0.000000,-0.004710,0.000938,0.979960,0.199193,0.004615,-0.199196,0.979949
EndFrame
SetLocation,900.055784,353.629469,177.210239
SetRotation,0.999581,0.000000,0.028953,-0.005767,0.979960,0.199112,-0.028373,-0.199196,0.979549
EndFrame
SetLocation,900.055784,353.629469,177.210239
SetRotation,0.998058,0.000000,0.062285,-0.012407,0.979960,0.198809,-0.061037,-0.199196,0.978057
EndFrame
SetLocation,900.055784,353.629469,177.210239
SetRotation,0.995411,0.000000,0.095695,-0.019062,0.979960,0.198281,-0.093777,-0.199196,0.975462
EndFrame
SetLocation,900.055784,353.629469,177.210239
SetRotation,0.991669,0.000000,0.128816,-0.025660,0.979960,0.197536,-0.126234,-0.199196,0.971795
EndFrame
SetLocation,897.943630,350.296529,193.470317
SetRotation,0.986803,0.000000,0.161923,-0.032254,0.979960,0.196567,-0.158678,-0.199196,0.967028
EndFrame
SetLocation,895.327603,347.012510,209.413122
SetRotation,0.980929,0.000000,0.194367,-0.038717,0.979960,0.195397,-0.190471,-0.199196,0.961271
EndFrame
SetLocation,892.158921,343.698692,225.404825
SetRotation,0.973920,0.000000,0.226890,-0.045196,0.979960,0.194001,-0.222344,-0.199196,0.954403
EndFrame
SetLocation,888.521270,340.439753,241.019330
SetRotation,0.965976,0.000000,0.258631,-0.051518,0.979960,0.192418,-0.253448,-0.199196,0.946618
EndFrame
SetLocation,884.235490,337.071375,257.026542
SetRotation,0.956679,0.000000,0.291146,-0.057995,0.979960,0.190566,-0.285311,-0.199196,0.937507
EndFrame
SetLocation,879.705660,333.908786,271.911146
SetRotation,0.946953,0.000000,0.321372,-0.064016,0.979960,0.188629,-0.314932,-0.199196,0.927976
EndFrame
SetLocation,874.319320,330.501904,287.782502
SetRotation,0.935408,0.000000,0.353570,-0.070430,0.979960,0.186329,-0.346484,-0.199196,0.916662
EndFrame
SetLocation,874.319320,330.501904,287.782502
SetRotation,0.922157,0.000000,0.386817,-0.077052,0.979960,0.183690,-0.379065,-0.199196,0.903676
EndFrame
SetLocation,874.319320,330.501904,287.782502
SetRotation,0.908695,0.000000,0.417461,-0.083156,0.979960,0.181008,-0.409095,-0.199196,0.890484
EndFrame
SetLocation,874.319320,330.501904,287.782502
SetRotation,0.894390,0.000000,0.447288,-0.089098,0.979960,0.178159,-0.438325,-0.199196,0.876466
EndFrame
SetLocation,874.319320,330.501904,287.782502
SetRotation,0.878725,0.000000,0.477329,-0.095082,0.979960,0.175038,-0.467763,-0.199196,0.861115
EndFrame
SetLocation,874.319320,330.501904,287.782502
SetRotation,0.862200,0.000000,0.506568,-0.100906,0.979960,0.171746,-0.496416,-0.199196,0.844921
EndFrame
SetLocation,874.319320,330.501904,287.782502
SetRotation,0.844881,0.000000,0.534955,-0.106561,0.979960,0.168296,-0.524234,-0.199196,0.827949
EndFrame
SetLocation,874.319320,330.501904,287.782502
SetRotation,0.826339,0.000000,0.563172,-0.112181,0.979960,0.164603,-0.551886,-0.199196,0.809779
EndFrame
SetLocation,874.319320,330.501904,287.782502
SetRotation,0.807022,0.000000,0.590522,-0.117629,0.979960,0.160755,-0.578688,-0.199196,0.790849
EndFrame
SetLocation,874.319320,330.501904,287.782502
SetRotation,0.786868,0.000000,0.617121,-0.122928,0.979960,0.156741,-0.604754,-0.199196,0.771099
EndFrame
SetLocation,874.319320,330.501904,287.782502
SetRotation,0.764626,0.000000,0.644474,-0.128376,0.979960,0.152310,-0.631559,-0.199196,0.749303
EndFrame
SetLocation,874.319320,330.501904,287.782502
SetRotation,0.743206,0.000000,0.669063,-0.133274,0.979960,0.148043,-0.655655,-0.199196,0.728312
EndFrame
SetLocation,874.319320,330.501904,287.782502
SetRotation,0.720021,0.000000,0.693952,-0.138232,0.979960,0.143425,-0.680045,-0.199196,0.705592
EndFrame
SetLocation,874.319320,330.501904,287.782502
SetRotation,0.697755,0.000000,0.716337,-0.142691,0.979960,0.138990,-0.701981,-0.199196,0.683772
EndFrame
SetLocation,874.319320,330.501904,287.782502
SetRotation,0.673166,0.000000,0.739491,-0.147303,0.979960,0.134092,-0.724672,-0.199196,0.659676
EndFrame
SetLocation,874.319320,330.501904,287.782502
SetRotation,0.647533,0.000000,0.762038,-0.151795,0.979960,0.128986,-0.746766,-0.199196,0.634556
EndFrame
SetLocation,874.319320,330.501904,287.782502
SetRotation,0.621589,0.000000,0.783344,-0.156039,0.979960,0.123818,-0.767645,-0.199196,0.609132
EndFrame
SetLocation,874.319320,330.501904,287.782502
SetRotation,0.594827,0.000000,0.803854,-0.160124,0.979960,0.118487,-0.787745,-0.199196,0.582906
EndFrame
SetLocation,874.319320,330.501904,287.782502
SetRotation,0.567568,0.000000,0.823326,-0.164003,0.979960,0.113057,-0.806827,-0.199196,0.556194
EndFrame
SetLocation,874.319320,330.501904,287.782502
SetRotation,0.539580,0.000000,0.841934,-0.167710,0.979960,0.107482,-0.825062,-0.199196,0.528767
EndFrame
SetLocation,874.319320,330.501904,287.782502
SetRotation,0.510857,0.000000,0.859666,-0.171242,0.979960,0.101760,-0.842438,-0.199196,0.500619
EndFrame
SetLocation,874.319320,330.501904,287.782502
SetRotation,0.481647,0.000000,0.876365,-0.174568,0.979960,0.095942,-0.858803,-0.199196,0.471995
EndFrame
SetLocation,874.319320,330.501904,287.782502
SetRotation,0.452080,0.000000,0.891978,-0.177678,0.979960,0.090052,-0.874102,-0.199196,0.443020
EndFrame
SetLocation,874.319320,330.501904,287.782502
SetRotation,0.420476,0.000000,0.907304,-0.180731,0.979960,0.083757,-0.889121,-0.199196,0.412050
EndFrame
SetLocation,874.319320,330.501904,287.782502
SetRotation,0.390834,0.000000,0.920461,-0.183352,0.979960,0.077852,-0.902015,-0.199196,0.383001
EndFrame
SetLocation,874.319320,330.501904,287.782502
SetRotation,0.360436,0.000000,0.932784,-0.185806,0.979960,0.071797,-0.914091,-0.199196,0.353213
EndFrame
SetLocation,859.004553,327.164561,293.700267
SetRotation,0.328984,0.000000,0.944336,-0.188107,0.979960,0.065532,-0.925411,-0.199196,0.322391
EndFrame
SetLocation,844.191687,323.976077,298.860713
SetRotation,0.298589,0.000000,0.954382,-0.190109,0.979960,0.059478,-0.935256,-0.199196,0.292605
EndFrame
SetLocation,828.681031,320.672538,303.713392
SetRotation,0.266775,0.000000,0.963759,-0.191977,0.979960,0.053140,-0.944445,-0.199196,0.261428
EndFrame
SetLocation,813.082011,317.382504,308.031301
SetRotation,0.234799,0.000000,0.972044,-0.193627,0.979960,0.046771,-0.952564,-0.199196,0.230093
EndFrame
SetLocation,797.047692,314.029484,311.904418
SetRotation,0.201948,0.000000,0.979396,-0.195091,0.979960,0.040227,-0.959769,-0.199196,0.197900
EndFrame
SetLocation,781.319094,310.765087,315.147591
SetRotation,0.169744,0.000000,0.985488,-0.196305,0.979960,0.033812,-0.965739,-0.199196,0.166343
EndFrame
SetLocation,765.171170,307.434377,317.928973
SetRotation,0.136699,0.000000,0.990613,-0.197326,0.979960,0.027230,-0.970760,-0.199196,0.133960
EndFrame
SetLocation,748.869869,304.089425,320.178466
SetRotation,0.103359,0.000000,0.994644,-0.198129,0.979960,0.020589,-0.974711,-0.199196,0.101288
EndFrame
SetLocation,732.867061,300.819031,321.841409
SetRotation,0.070649,0.000000,0.997501,-0.198698,0.979960,0.014073,-0.977511,-0.199196,0.069233
EndFrame
SetLocation,716.729429,297.530531,322.984375
SetRotation,0.037681,0.000000,0.999290,-0.199054,0.979960,0.007506,-0.979264,-0.199196,0.036926
EndFrame
SetLocation,699.721575,294.070902,323.625709
SetRotation,0.002954,0.000000,0.999996,-0.199195,0.979960,0.000588,-0.979955,-0.199196,0.002895
EndFrame
SetLocation,683.176399,290.707763,323.674588
SetRotation,-0.030808,0.000000,0.999525,-0.199101,0.979960,-0.006137,-0.979495,-0.199196,-0.030191
EndFrame
SetLocation,667.747204,287.569994,323.199018
SetRotation,-0.062277,0.000000,0.998059,-0.198809,0.979960,-0.012405,-0.978058,-0.199196,-0.061029
EndFrame
SetLocation,651.104088,284.180382,322.160519
SetRotation,-0.096201,0.000000,0.995362,-0.198272,0.979960,-0.019163,-0.975415,-0.199196,-0.094273
EndFrame
SetLocation,634.965756,280.884671,320.600755
SetRotation,-0.096201,0.000000,0.995362,-0.198272,0.979960,-0.019163,-0.975415,-0.199196,-0.094273
EndFrame
SetLocation,618.500367,277.522170,319.009382
SetRotation,-0.096201,0.000000,0.995362,-0.198272,0.979960,-0.019163,-0.975415,-0.199196,-0.094273
EndFrame
SetLocation,602.625690,274.280301,317.475101
SetRotation,-0.096201,0.000000,0.995362,-0.198272,0.979960,-0.019163,-0.975415,-0.199196,-0.094273
EndFrame
SetLocation,586.206536,270.927242,315.888196
SetRotation,-0.096201,0.000000,0.995362,-0.198272,0.979960,-0.019163,-0.975415,-0.199196,-0.094273
EndFrame
SetLocation,569.729930,267.562450,314.295738
SetRotation,-0.096201,0.000000,0.995362,-0.198272,0.979960,-0.019163,-0.975415,-0.199196,-0.094273
EndFrame
SetLocation,553.268736,264.200805,312.704770
SetRotation,-0.096201,0.000000,0.995362,-0.198272,0.979960,-0.019163,-0.975415,-0.199196,-0.094273
EndFrame
SetLocation,536.945563,260.867346,311.127142
SetRotation,-0.096201,0.000000,0.995362,-0.198272,0.979960,-0.019163,-0.975415,-0.199196,-0.094273
EndFrame
SetLocation,520.316988,257.471519,309.519997
SetRotation,-0.096201,0.000000,0.995362,-0.198272,0.979960,-0.019163,-0.975415,-0.199196,-0.094273
EndFrame
SetLocation,504.104622,254.160689,307.953078
SetRotation,-0.096201,0.000000,0.995362,-0.198272,0.979960,-0.019163,-0.975415,-0.199196,-0.094273
EndFrame
SetLocation,488.227798,250.918383,306.418589
SetRotation,-0.096201,0.000000,0.995362,-0.198272,0.979960,-0.019163,-0.975415,-0.199196,-0.094273
EndFrame
SetLocation,471.960614,247.596358,304.846372
SetRotation,-0.096201,0.000000,0.995362,-0.198272,0.979960,-0.019163,-0.975415,-0.199196,-0.094273
EndFrame
SetLocation,455.735958,244.283018,303.278265
SetRotation,-0.096201,0.000000,0.995362,-0.198272,0.979960,-0.019163,-0.975415,-0.199196,-0.094273
EndFrame
SetLocation,439.613915,240.990633,301.720076
SetRotation,-0.096201,0.000000,0.995362,-0.198272,0.979960,-0.019163,-0.975415,-0.199196,-0.094273
EndFrame
SetLocation,423.230462,237.644865,300.136622
SetRotation,-0.096201,0.000000,0.995362,-0.198272,0.979960,-0.019163,-0.975415,-0.199196,-0.094273
EndFrame
SetLocation,406.965618,234.323318,298.564631
SetRotation,-0.096201,0.000000,0.995362,-0.198272,0.979960,-0.019163,-0.975415,-0.199196,-0.094273
EndFrame
SetLocation,390.872058,231.036750,297.009195
SetRotation,-0.096201,0.000000,0.995362,-0.198272,0.979960,-0.019163,-0.975415,-0.199196,-0.094273
EndFrame
SetLocation,374.654717,227.724904,295.441795
SetRotation,-0.096201,0.000000,0.995362,-0.198272,0.979960,-0.019163,-0.975415,-0.199196,-0.094273
EndFrame
SetLocation,358.435621,224.412699,293.874226
SetRotation,-0.096201,0.000000,0.995362,-0.198272,0.979960,-0.019163,-0.975415,-0.199196,-0.094273
EndFrame
SetLocation,342.349961,221.127745,292.319553
SetRotation,-0.096201,0.000000,0.995362,-0.198272,0.979960,-0.019163,-0.975415,-0.199196,-0.094273
EndFrame
SetLocation,325.371992,217.660566,290.678639
SetRotation,-0.061500,0.000000,0.998107,-0.198819,0.979960,-0.012250,-0.978105,-0.199196,-0.060267
EndFrame
SetLocation,309.159808,214.358879,289.679703
SetRotation,-0.028385,0.000000,0.999597,-0.199115,0.979960,-0.005654,-0.979565,-0.199196,-0.027816
EndFrame
SetLocation,292.880712,211.048507,289.217442
SetRotation,0.004849,0.000000,0.999988,-0.199193,0.979960,0.000966,-0.979948,-0.199196,0.004752
EndFrame
SetLocation,276.996046,207.819606,289.294469
SetRotation,0.037260,0.000000,0.999306,-0.199057,0.979960,0.007422,-0.979279,-0.199196,0.036513
EndFrame
SetLocation,260.531521,204.470551,289.908360
SetRotation,0.070835,0.000000,0.997488,-0.198695,0.979960,0.014110,-0.977498,-0.199196,0.069415
EndFrame
SetLocation,244.178954,201.138208,291.069609
SetRotation,0.104163,0.000000,0.994560,-0.198112,0.979960,0.020749,-0.974629,-0.199196,0.102076
EndFrame
SetLocation,227.896023,197.810287,292.774965
SetRotation,0.137330,0.000000,0.990525,-0.197308,0.979960,0.027356,-0.970675,-0.199196,0.134578
EndFrame
SetLocation,211.715648,194.489855,295.018278
SetRotation,0.137330,0.000000,0.990525,-0.197308,0.979960,0.027356,-0.970675,-0.199196,0.134578
EndFrame
SetLocation,195.348322,191.131059,297.287511
SetRotation,0.137330,0.000000,0.990525,-0.197308,0.979960,0.027356,-0.970675,-0.199196,0.134578
EndFrame
SetLocation,179.231236,187.823615,299.522050
SetRotation,0.137330,0.000000,0.990525,-0.197308,0.979960,0.027356,-0.970675,-0.199196,0.134578
EndFrame
SetLocation,163.117644,184.516889,301.756104
SetRotation,0.137330,0.000000,0.990525,-0.197308,0.979960,0.027356,-0.970675,-0.199196,0.134578
EndFrame
SetLocation,147.097140,181.229265,303.977252
SetRotation,0.137330,0.000000,0.990525,-0.197308,0.979960,0.027356,-0.970675,-0.199196,0.134578
EndFrame
SetLocation,130.572662,177.838219,306.268274
SetRotation,0.137330,0.000000,0.990525,-0.197308,0.979960,0.027356,-0.970675,-0.199196,0.134578
EndFrame
SetLocation,114.869277,174.615672,308.445455
SetRotation,0.137330,0.000000,0.990525,-0.197308,0.979960,0.027356,-0.970675,-0.199196,0.134578
EndFrame
SetLocation,98.354893,171.226698,310.735077
SetRotation,0.137330,0.000000,0.990525,-0.197308,0.979960,0.027356,-0.970675,-0.199196,0.134578
EndFrame
SetLocation,82.009407,167.872383,313.001282
SetRotation,0.137330,0.000000,0.990525,-0.197308,0.979960,0.027356,-0.970675,-0.199196,0.134578
EndFrame
SetLocation,66.652457,164.720930,315.130433
SetRotation,0.137330,0.000000,0.990525,-0.197308,0.979960,0.027356,-0.970675,-0.199196,0.134578
EndFrame
SetLocation,50.260475,161.357074,317.403084
SetRotation,0.137330,0.000000,0.990525,-0.197308,0.979960,0.027356,-0.970675,-0.199196,0.134578
EndFrame
SetLocation,33.621651,157.942563,319.709959
SetRotation,0.137330,0.000000,0.990525,-0.197308,0.979960,0.027356,-0.970675,-0.199196,0.134578
EndFrame
SetLocation,17.718017,154.678922,321.914904
SetRotation,0.137330,0.000000,0.990525,-0.165401,0.985960,0.022932,-0.976618,-0.166983,0.135402
EndFrame
SetLocation,1.229968,151.859783,324.200874
SetRotation,0.137330,-0.000000,0.990525,-0.132337,0.991035,0.018348,-0.981645,-0.133603,0.136099
EndFrame
SetLocation,-15.163016,149.628688,326.473665
SetRotation,0.137330,-0.000000,0.990525,-0.099483,0.994944,0.013793,-0.985517,-0.100435,0.136636
EndFrame
SetLocation,-31.934739,147.919472,328.798965
SetRotation,0.137330,-0.000000,0.990525,-0.065888,0.997785,0.009135,-0.988331,-0.066519,0.137026
EndFrame
SetLocation,-47.962115,146.840766,331.021066
SetRotation,0.137330,-0.000000,0.990525,-0.065888,0.997785,0.009135,-0.988331,-0.066519,0.137026
EndFrame
SetLocation,-64.410421,145.733729,333.301527
SetRotation,0.137330,-0.000000,0.990525,-0.065888,0.997785,0.009135,-0.988331,-0.066519,0.137026
EndFrame
SetLocation,-80.660962,144.640003,335.554568
SetRotation,0.137330,-0.000000,0.990525,-0.065888,0.997785,0.009135,-0.988331,-0.066519,0.137026
EndFrame
SetLocation,-97.440754,143.510656,337.880987
SetRotation,0.137330,-0.000000,0.990525,-0.065888,0.997785,0.009135,-0.988331,-0.066519,0.137026
EndFrame
SetLocation,-114.008155,142.395604,340.177960
SetRotation,0.137330,-0.000000,0.990525,-0.065888,0.997785,0.009135,-0.988331,-0.066519,0.137026
EndFrame
SetLocation,-130.442921,141.289479,342.456543
SetRotation,0.137330,-0.000000,0.990525,-0.065888,0.997785,0.009135,-0.988331,-0.066519,0.137026
EndFrame
