SetLocation,15.603921,3.653038,9.976302
SetRotation,-0.391100,0.000000,0.920348,-0.206939,0.974394,-0.087938,-0.896781,-0.224849,-0.381085
EndFrame
SetLocation,15.603921,3.653038,9.976302
SetRotation,-0.391100,0.000000,0.920348,-0.206939,0.974394,-0.087938,-0.896781,-0.224849,-0.381085
EndFrame
SetLocation,15.603921,3.653038,9.976302
SetRotation,-0.391100,0.000000,0.920348,-0.206939,0.974394,-0.087938,-0.896781,-0.224849,-0.381085
EndFrame
SetLocation,15.603921,3.653038,9.976302
SetRotation,-0.391100,0.000000,0.920348,-0.206939,0.974394,-0.087938,-0.896781,-0.224849,-0.381085
EndFrame
SetLocation,15.603921,3.653038,9.976302
SetRotation,-0.391100,0.000000,0.920348,-0.206939,0.974394,-0.087938,-0.896781,-0.224849,-0.381085
EndFrame
SetLocation,15.603921,3.653038,9.976302
SetRotation,-0.391100,0.000000,0.920348,-0.206939,0.974394,-0.087938,-0.896781,-0.224849,-0.381085
EndFrame
SetLocation,15.603921,3.653038,9.976302
SetRotation,-0.391100,0.000000,0.920348,-0.206939,0.974394,-0.087938,-0.896781,-0.224849,-0.381085
EndFrame
SetLocation,15.603921,3.653038,9.976302
SetRotation,-0.391100,0.000000,0.920348,-0.206939,0.974394,-0.087938,-0.896781,-0.224849,-0.381085
EndFrame
SetLocation,15.603921,3.653038,9.976302
SetRotation,-0.391100,0.000000,0.920348,-0.206939,0.974394,-0.087938,-0.896781,-0.224849,-0.381085
EndFrame
SetLocation,15.603921,3.653038,9.976302
SetRotation,-0.391100,0.000000,0.920348,-0.206939,0.974394,-0.087938,-0.896781,-0.224849,-0.381085
EndFrame
SetLocation,15.603921,3.653038,9.976302
SetRotation,-0.391100,0.000000,0.920348,-0.206939,0.974394,-0.087938,-0.896781,-0.224849,-0.381085
EndFrame
SetLocation,15.603921,3.653038,9.976302
SetRotation,-0.391100,0.000000,0.920348,-0.206939,0.974394,-0.087938,-0.896781,-0.224849,-0.381085
EndFrame
SetLocation,15.603921,3.653038,9.976302
SetRotation,-0.391100,0.000000,0.920348,-0.206939,0.974394,-0.087938,-0.896781,-0.224849,-0.381085
EndFrame
SetLocation,15.603921,3.653038,9.976302
SetRotation,-0.391100,0.000000,0.920348,-0.206939,0.974394,-0.087938,-0.896781,-0.224849,-0.381085
EndFrame
SetLocation,15.603921,3.653038,9.976302
SetRotation,-0.391100,0.000000,0.920348,-0.206939,0.974394,-0.087938,-0.896781,-0.224849,-0.381085
EndFrame
SetLocation,15.603921,3.653038,9.976302
SetRotation,-0.391100,0.000000,0.920348,-0.206939,0.974394,-0.087938,-0.896781,-0.224849,-0.381085
EndFrame
SetLocation,15.603921,3.653038,9.976302
SetRotation,-0.391100,0.000000,0.920348,-0.206939,0.974394,-0.087938,-0.896781,-0.224849,-0.381085
EndFrame
SetLocation,15.603921,3.653038,9.976302
SetRotation,-0.391100,0.000000,0.920348,-0.206939,0.974394,-0.087938,-0.896781,-0.224849,-0.381085
EndFrame
SetLocation,15.603921,3.653038,9.976302
SetRotation,-0.391100,0.000000,0.920348,-0.206939,0.974394,-0.087938,-0.896781,-0.224849,-0.381085
EndFrame
SetLocation,15.603921,3.653038,9.976302
SetRotation,-0.391100,0.000000,0.920348,-0.206939,0.974394,-0.087938,-0.896781,-0.224849,-0.381085
EndFrame
SetLocation,15.603921,3.653038,9.976302
SetRotation,-0.391100,0.000000,0.920348,-0.206939,0.974394,-0.087938,-0.896781,-0.224849,-0.381085
EndFrame
SetLocation,15.603921,3.653038,9.976302
SetRotation,-0.391100,0.000000,0.920348,-0.206939,0.974394,-0.087938,-0.896781,-0.224849,-0.381085
EndFrame
SetLocation,15.603921,3.653038,9.976302
SetRotation,-0.391100,0.000000,0.920348,-0.206939,0.974394,-0.087938,-0.896781,-0.224849,-0.381085
EndFrame
SetLocation,15.603921,3.653038,9.976302
SetRotation,-0.391100,0.000000,0.920348,-0.206939,0.974394,-0.087938,-0.896781,-0.224849,-0.381085
EndFrame
SetLocation,15.603921,3.653038,9.976302
SetRotation,-0.391100,0.000000,0.920348,-0.206939,0.974394,-0.087938,-0.896781,-0.224849,-0.381085
EndFrame
SetLocation,15.603921,3.653038,9.976302
SetRotation,-0.391100,0.000000,0.920348,-0.206939,0.974394,-0.087938,-0.896781,-0.224849,-0.381085
EndFrame
SetLocation,15.603921,3.653038,9.976302
SetRotation,-0.391100,0.000000,0.920348,-0.206939,0.974394,-0.087938,-0.896781,-0.224849,-0.381085
EndFrame
SetLocation,15.603921,3.653038,9.976302
SetRotation,-0.391100,0.000000,0.920348,-0.206939,0.974394,-0.087938,-0.896781,-0.224849,-0.381085
EndFrame
SetLocation,15.603921,3.653038,9.976302
SetRotation,-0.391100,0.000000,0.920348,-0.206939,0.974394,-0.087938,-0.896781,-0.224849,-0.381085
EndFrame
SetLocation,15.603921,3.653038,9.976302
SetRotation,-0.391100,0.000000,0.920348,-0.206939,0.974394,-0.087938,-0.896781,-0.224849,-0.381085
EditCopy,32045.000000,26485.000000,40292.000000,32046.000000,26437.000000,40309.000000,30522.000000,25872.000000,33956.000000,190.000000,1.000000,0.000000,0.000000,0.000000,1.000000,0.000000,0.000000,0.000000,1.000000,true,100.000000
EndFrame
SetLocation,15.603921,3.653038,9.976302
SetRotation,-0.391100,0.000000,0.920348,-0.206939,0.974394,-0.087938,-0.896781,-0.224849,-0.381085
EditCopy,32037.000000,26568.000000,40300.000000,32046.000000,26437.000000,40309.000000,30522.000000,25872.000000,33956.000000,190.000000,1.000000,0.000000,0.000000,0.000000,1.000000,0.000000,0.000000,0.000000,1.000000,true,100.000000
EndFrame
SetLocation,15.603921,3.653038,9.976302
SetRotation,-0.391100,0.000000,0.920348,-0.206939,0.974394,-0.087938,-0.896781,-0.224849,-0.381085
EditCopy,32010.000000,26768.000000,40363.000000,32046.000000,26437.000000,40309.000000,30522.000000,25872.000000,33956.000000,190.000000,1.000000,0.000000,0.000000,0.000000,1.000000,0.000000,0.000000,0.000000,1.000000,true,100.000000
EndFrame
SetLocation,15.603921,3.653038,9.976302
SetRotation,-0.391100,0.000000,0.920348,-0.206939,0.974394,-0.087938,-0.896781,-0.224849,-0.381085
EditCopy,32003.000000,26829.000000,40372.000000,32046.000000,26437.000000,40309.000000,30522.000000,25872.000000,33956.000000,190.000000,1.000000,0.000000,0.000000,0.000000,1.000000,0.000000,0.000000,0.000000,1.000000,true,100.000000
EndFrame
SetLocation,15.603921,3.653038,9.976302
SetRotation,-0.391100,0.000000,0.920348,-0.206939,0.974394,-0.087938,-0.896781,-0.224849,-0.381085
EditCopy,32001.000000,26869.000000,40370.000000,32046.000000,26437.000000,40309.000000,30522.000000,25872.000000,33956.000000,190.000000,1.000000,0.000000,0.000000,0.000000,1.000000,0.000000,0.000000,0.000000,1.000000,true,100.000000
EndFrame
SetLocation,15.603921,3.653038,9.976302
SetRotation,-0.391100,0.000000,0.920348,-0.206939,0.974394,-0.087938,-0.896781,-0.224849,-0.381085
EditCopy,32001.000000,26924.000000,40366.000000,32046.000000,26437.000000,40309.000000,30522.000000,25872.000000,33956.000000,190.000000,1.000000,0.000000,0.000000,0.000000,1.000000,0.000000,0.000000,0.000000,1.000000,true,100.000000
EndFrame
SetLocation,15.603921,3.653038,9.976302
SetRotation,-0.391100,0.000000,0.920348,-0.206939,0.974394,-0.087938,-0.896781,-0.224849,-0.381085
EditCopy,32003.000000,27001.000000,40358.000000,32046.000000,26437.000000,40309.000000,30522.000000,25872.000000,33956.000000,190.000000,1.000000,0.000000,0.000000,0.000000,1.000000,0.000000,0.000000,0.000000,1.000000,true,100.000000
EndFrame
SetLocation,15.603921,3.653038,9.976302
SetRotation,-0.391100,0.000000,0.920348,-0.206939,0.974394,-0.087938,-0.896781,-0.224849,-0.381085
EditCopy,32006.000000,27067.000000,40350.000000,32046.000000,26437.000000,40309.000000,30522.000000,25872.000000,33956.000000,190.000000,1.000000,0.000000,0.000000,0.000000,1.000000,0.000000,0.000000,0.000000,1.000000,true,100.000000
EndFrame
SetLocation,15.603921,3.653038,9.976302
SetRotation,-0.391100,0.000000,0.920348,-0.206939,0.974394,-0.087938,-0.896781,-0.224849,-0.381085
EditCopy,32007.000000,27167.000000,40345.000000,32046.000000,26437.000000,40309.000000,30522.000000,25872.000000,33956.000000,190.000000,1.000000,0.000000,0.000000,0.000000,1.000000,0.000000,0.000000,0.000000,1.000000,true,100.000000
EndFrame
SetLocation,15.603921,3.653038,9.976302
SetRotation,-0.391100,0.000000,0.920348,-0.206939,0.974394,-0.087938,-0.896781,-0.224849,-0.381085
EditCopy,32004.000000,27259.000000,40339.000000,32046.000000,26437.000000,40309.000000,30522.000000,25872.000000,33956.000000,190.000000,1.000000,0.000000,0.000000,0.000000,1.000000,0.000000,0.000000,0.000000,1.000000,true,100.000000
EndFrame
SetLocation,15.603921,3.653038,9.976302
SetRotation,-0.391100,0.000000,0.920348,-0.206939,0.974394,-0.087938,-0.896781,-0.224849,-0.381085
EditCopy,31996.000000,27360.000000,40341.000000,32046.000000,26437.000000,40309.000000,30522.000000,25872.000000,33956.000000,190.000000,1.000000,0.000000,0.000000,0.000000,1.000000,0.000000,0.000000,0.000000,1.000000,true,100.000000
EndFrame
SetLocation,15.603921,3.653038,9.976302
SetRotation,-0.391100,0.000000,0.920348,-0.206939,0.974394,-0.087938,-0.896781,-0.224849,-0.381085
EditCopy,31994.000000,27475.000000,40334.000000,32046.000000,26437.000000,40309.000000,30522.000000,25872.000000,33956.000000,190.000000,1.000000,0.000000,0.000000,0.000000,1.000000,0.000000,0.000000,0.000000,1.000000,true,100.000000
EndFrame
SetLocation,15.603921,3.653038,9.976302
SetRotation,-0.391100,0.000000,0.920348,-0.206939,0.974394,-0.087938,-0.896781,-0.224849,-0.381085
EditCopy,31993.000000,27586.000000,40333.000000,32046.000000,26437.000000,40309.000000,30522.000000,25872.000000,33956.000000,190.000000,1.000000,0.000000,0.000000,0.000000,1.000000,0.000000,0.000000,0.000000,1.000000,true,100.000000
EndFrame
SetLocation,15.603921,3.653038,9.976302
SetRotation,-0.391100,0.000000,0.920348,-0.206939,0.974394,-0.087938,-0.896781,-0.224849,-0.381085
EditCopy,31993.000000,27700.000000,40330.000000,32046.000000,26437.000000,40309.000000,30522.000000,25872.000000,33956.000000,190.000000,1.000000,0.000000,0.000000,0.000000,1.000000,0.000000,0.000000,0.000000,1.000000,true,100.000000
EndFrame
SetLocation,15.603921,3.653038,9.976302
SetRotation,-0.391100,0.000000,0.920348,-0.206939,0.974394,-0.087938,-0.896781,-0.224849,-0.381085
EditCopy,31994.000000,27838.000000,40332.000000,32046.000000,26437.000000,40309.000000,30522.000000,25872.000000,33956.000000,190.000000,1.000000,0.000000,0.000000,0.000000,1.000000,0.000000,0.000000,0.000000,1.000000,true,100.000000
EndFrame
SetLocation,15.603921,3.653038,9.976302
SetRotation,-0.391100,0.000000,0.920348,-0.206939,0.974394,-0.087938,-0.896781,-0.224849,-0.381085
EditCopy,31992.000000,27921.000000,40331.000000,32046.000000,26437.000000,40309.000000,30522.000000,25872.000000,33956.000000,190.000000,1.000000,0.000000,0.000000,0.000000,1.000000,0.000000,0.000000,0.000000,1.000000,true,100.000000
EndFrame
SetLocation,15.603921,3.653038,9.976302
SetRotation,-0.391100,0.000000,0.920348,-0.206939,0.974394,-0.087938,-0.896781,-0.224849,-0.381085
EditCopy,31981.000000,28179.000000,40331.000000,32046.000000,26437.000000,40309.000000,30522.000000,25872.000000,33956.000000,190.000000,1.000000,0.000000,0.000000,0.000000,1.000000,0.000000,0.000000,0.000000,1.000000,true,100.000000
EndFrame
SetLocation,15.603921,3.653038,9.976302
SetRotation,-0.391100,0.000000,0.920348,-0.206939,0.974394,-0.087938,-0.896781,-0.224849,-0.381085
EditCopy,31981.000000,28288.000000,40337.000000,32046.000000,26437.000000,40309.000000,30522.000000,25872.000000,33956.000000,190.000000,1.000000,0.000000,0.000000,0.000000,1.000000,0.000000,0.000000,0.000000,1.000000,true,100.000000
EndFrame
SetLocation,15.603921,3.653038,9.976302
SetRotation,-0.391100,0.000000,0.920348,-0.206939,0.974394,-0.087938,-0.896781,-0.224849,-0.381085
EditCopy,31991.000000,28369.000000,40322.000000,32046.000000,26437.000000,40309.000000,30522.000000,25872.000000,33956.000000,190.000000,1.000000,0.000000,0.000000,0.000000,1.000000,0.000000,0.000000,0.000000,1.000000,true,100.000000
EndFrame
SetLocation,15.603921,3.653038,9.976302
SetRotation,-0.391100,0.000000,0.920348,-0.206939,0.974394,-0.087938,-0.896781,-0.224849,-0.381085
EditCopy,32026.000000,28538.000000,40313.000000,32046.000000,26437.000000,40309.000000,30522.000000,25872.000000,33956.000000,190.000000,1.000000,0.000000,0.000000,0.000000,1.000000,0.000000,0.000000,0.000000,1.000000,true,100.000000
EndFrame
SetLocation,15.603921,3.653038,9.976302
SetRotation,-0.391100,0.000000,0.920348,-0.206939,0.974394,-0.087938,-0.896781,-0.224849,-0.381085
EditCopy,31996.000000,28693.000000,40287.000000,32046.000000,26437.000000,40309.000000,30522.000000,25872.000000,33956.000000,190.000000,1.000000,0.000000,0.000000,0.000000,1.000000,0.000000,0.000000,0.000000,1.000000,true,100.000000
EndFrame
SetLocation,15.603921,3.653038,9.976302
SetRotation,-0.391100,0.000000,0.920348,-0.206939,0.974394,-0.087938,-0.896781,-0.224849,-0.381085
EditCopy,31975.000000,28818.000000,40227.000000,32046.000000,26437.000000,40309.000000,30522.000000,25872.000000,33956.000000,190.000000,1.000000,0.000000,0.000000,0.000000,1.000000,0.000000,0.000000,0.000000,1.000000,true,100.000000
EndFrame
SetLocation,15.603921,3.653038,9.976302
SetRotation,-0.391100,0.000000,0.920348,-0.206939,0.974394,-0.087938,-0.896781,-0.224849,-0.381085
EditCopy,31958.000000,28956.000000,40141.000000,32046.000000,26437.000000,40309.000000,30522.000000,25872.000000,33956.000000,190.000000,1.000000,0.000000,0.000000,0.000000,1.000000,0.000000,0.000000,0.000000,1.000000,true,100.000000
EndFrame
SetLocation,15.603921,3.653038,9.976302
SetRotation,-0.391100,0.000000,0.920348,-0.206939,0.974394,-0.087938,-0.896781,-0.224849,-0.381085
EditCopy,31451.000000,28974.000000,40008.000000,32046.000000,26437.000000,40309.000000,30522.000000,25872.000000,33956.000000,190.000000,1.000000,0.000000,0.000000,0.000000,1.000000,0.000000,0.000000,0.000000,1.000000,true,100.000000
EndFrame
SetLocation,15.603921,3.653038,9.976302
SetRotation,-0.391100,0.000000,0.920348,-0.206939,0.974394,-0.087938,-0.896781,-0.224849,-0.381085
EditCopy,31956.000000,29096.000000,40050.000000,32046.000000,26437.000000,40309.000000,30522.000000,25872.000000,33956.000000,190.000000,1.000000,0.000000,0.000000,0.000000,1.000000,0.000000,0.000000,0.000000,1.000000,true,100.000000
EndFrame
SetLocation,15.603921,3.653038,9.976302
SetRotation,-0.391100,0.000000,0.920348,-0.206939,0.974394,-0.087938,-0.896781,-0.224849,-0.381085
EditCopy,32016.000000,29164.000000,39966.000000,32046.000000,26437.000000,40309.000000,30522.000000,25872.000000,33956.000000,190.000000,1.000000,0.000000,0.000000,0.000000,1.000000,0.000000,0.000000,0.000000,1.000000,true,100.000000
EndFrame
SetLocation,15.603921,3.653038,9.976302
SetRotation,-0.391100,0.000000,0.920348,-0.206939,0.974394,-0.087938,-0.896781,-0.224849,-0.381085
EditCopy,32033.000000,29185.000000,39936.000000,32046.000000,26437.000000,40309.000000,30522.000000,25872.000000,33956.000000,190.000000,1.000000,0.000000,0.000000,0.000000,1.000000,0.000000,0.000000,0.000000,1.000000,true,100.000000
EndFrame
SetLocation,15.603921,3.653038,9.976302
SetRotation,-0.391100,0.000000,0.920348,-0.206939,0.974394,-0.087938,-0.896781,-0.224849,-0.381085
EditCopy,32041.000000,29194.000000,39912.000000,32046.000000,26437.000000,40309.000000,30522.000000,25872.000000,33956.000000,190.000000,1.000000,0.000000,0.000000,0.000000,1.000000,0.000000,0.000000,0.000000,1.000000,true,100.000000
EndFrame
SetLocation,15.603921,3.653038,9.976302
SetRotation,-0.391100,0.000000,0.920348,-0.206939,0.974394,-0.087938,-0.896781,-0.224849,-0.381085
EditCopy,32071.000000,29259.000000,39832.000000,32046.000000,26437.000000,40309.000000,30522.000000,25872.000000,33956.000000,190.000000,1.000000,0.000000,0.000000,0.000000,1.000000,0.000000,0.000000,0.000000,1.000000,true,100.000000
EndFrame
SetLocation,15.603921,3.653038,9.976302
SetRotation,-0.391100,0.000000,0.920348,-0.206939,0.974394,-0.087938,-0.896781,-0.224849,-0.381085
EditCopy,32109.000000,29349.000000,39732.000000,32046.000000,26437.000000,40309.000000,30522.000000,25872.000000,33956.000000,190.000000,1.000000,0.000000,0.000000,0.000000,1.000000,0.000000,0.000000,0.000000,1.000000,true,100.000000
EndFrame
SetLocation,15.603921,3.653038,9.976302
SetRotation,-0.391100,0.000000,0.920348,-0.206939,0.974394,-0.087938,-0.896781,-0.224849,-0.381085
EditCopy,32120.000000,29386.000000,39700.000000,32046.000000,26437.000000,40309.000000,30522.000000,25872.000000,33956.000000,190.000000,1.000000,0.000000,0.000000,0.000000,1.000000,0.000000,0.000000,0.000000,1.000000,true,100.000000
EndFrame
SetLocation,15.603921,3.653038,9.976302
SetRotation,-0.391100,0.000000,0.920348,-0.206939,0.974394,-0.087938,-0.896781,-0.224849,-0.381085
EditCopy,32107.000000,29463.000000,39633.000000,32046.000000,26437.000000,40309.000000,30522.000000,25872.000000,33956.000000,190.000000,1.000000,0.000000,0.000000,0.000000,1.000000,0.000000,0.000000,0.000000,1.000000,true,100.000000
EndFrame
SetLocation,15.603921,3.653038,9.976302
SetRotation,-0.391100,0.000000,0.920348,-0.206939,0.974394,-0.087938,-0.896781,-0.224849,-0.381085
EditCopy,32090.000000,29534.000000,39480.000000,32046.000000,26437.000000,40309.000000,30522.000000,25872.000000,33956.000000,190.000000,1.000000,0.000000,0.000000,0.000000,1.000000,0.000000,0.000000,0.000000,1.000000,true,100.000000
EndFrame
SetLocation,15.603921,3.653038,9.976302
SetRotation,-0.391100,0.000000,0.920348,-0.206939,0.974394,-0.087938,-0.896781,-0.224849,-0.381085
EditCopy,32099.000000,29588.000000,39374.000000,32046.000000,26437.000000,40309.000000,30522.000000,25872.000000,33956.000000,190.000000,1.000000,0.000000,0.000000,0.000000,1.000000,0.000000,0.000000,0.000000,1.000000,true,100.000000
EndFrame
SetLocation,15.603921,3.653038,9.976302
SetRotation,-0.391100,0.000000,0.920348,-0.206939,0.974394,-0.087938,-0.896781,-0.224849,-0.381085
EditCopy,32123.000000,29656.000000,39231.000000,32046.000000,26437.000000,40309.000000,30522.000000,25872.000000,33956.000000,190.000000,1.000000,0.000000,0.000000,0.000000,1.000000,0.000000,0.000000,0.000000,1.000000,true,100.000000
EndFrame
SetLocation,15.603921,3.653038,9.976302
SetRotation,-0.391100,0.000000,0.920348,-0.206939,0.974394,-0.087938,-0.896781,-0.224849,-0.381085
EditCopy,32136.000000,29680.000000,39195.000000,32046.000000,26437.000000,40309.000000,30522.000000,25872.000000,33956.000000,190.000000,1.000000,0.000000,0.000000,0.000000,1.000000,0.000000,0.000000,0.000000,1.000000,true,100.000000
EndFrame
SetLocation,15.603921,3.653038,9.976302
SetRotation,-0.391100,0.000000,0.920348,-0.206939,0.974394,-0.087938,-0.896781,-0.224849,-0.381085
EditCopy,32169.000000,29771.000000,39112.000000,32046.000000,26437.000000,40309.000000,30522.000000,25872.000000,33956.000000,190.000000,1.000000,0.000000,0.000000,0.000000,1.000000,0.000000,0.000000,0.000000,1.000000,true,100.000000
EndFrame
SetLocation,15.603921,3.653038,9.976302
SetRotation,-0.391100,0.000000,0.920348,-0.206939,0.974394,-0.087938,-0.896781,-0.224849,-0.381085
EditCopy,32184.000000,29866.000000,39026.000000,32046.000000,26437.000000,40309.000000,30522.000000,25872.000000,33956.000000,190.000000,1.000000,0.000000,0.000000,0.000000,1.000000,0.000000,0.000000,0.000000,1.000000,true,100.000000
EndFrame
SetLocation,15.603921,3.653038,9.976302
SetRotation,-0.391100,0.000000,0.920348,-0.206939,0.974394,-0.087938,-0.896781,-0.224849,-0.381085
EditCopy,32218.000000,29953.000000,38892.000000,32046.000000,26437.000000,40309.000000,30522.000000,25872.000000,33956.000000,190.000000,1.000000,0.000000,0.000000,0.000000,1.000000,0.000000,0.000000,0.000000,1.000000,true,100.000000
EndFrame
SetLocation,15.603921,3.653038,9.976302
SetRotation,-0.391100,0.000000,0.920348,-0.206939,0.974394,-0.087938,-0.896781,-0.224849,-0.381085
EditCopy,32246.000000,29974.000000,38806.000000,32046.000000,26437.000000,40309.000000,30522.000000,25872.000000,33956.000000,190.000000,1.000000,0.000000,0.000000,0.000000,1.000000,0.000000,0.000000,0.000000,1.000000,true,100.000000
EndFrame
SetLocation,15.603921,3.653038,9.976302
SetRotation,-0.391100,0.000000,0.920348,-0.206939,0.974394,-0.087938,-0.896781,-0.224849,-0.381085
EditCopy,32273.000000,30009.000000,38701.000000,32046.000000,26437.000000,40309.000000,30522.000000,25872.000000,33956.000000,190.000000,1.000000,0.000000,0.000000,0.000000,1.000000,0.000000,0.000000,0.000000,1.000000,true,100.000000
EndFrame
SetLocation,15.603921,3.653038,9.976302
SetRotation,-0.391100,0.000000,0.920348,-0.206939,0.974394,-0.087938,-0.896781,-0.224849,-0.381085
EditCopy,32272.000000,30053.000000,38553.000000,32046.000000,26437.000000,40309.000000,30522.000000,25872.000000,33956.000000,190.000000,1.000000,0.000000,0.000000,0.000000,1.000000,0.000000,0.000000,0.000000,1.000000,true,100.000000
EndFrame
SetLocation,15.603921,3.653038,9.976302
SetRotation,-0.391100,0.000000,0.920348,-0.206939,0.974394,-0.087938,-0.896781,-0.224849,-0.381085
EditCopy,32269.000000,30087.000000,38466.000000,32046.000000,26437.000000,40309.000000,30522.000000,25872.000000,33956.000000,190.000000,1.000000,0.000000,0.000000,0.000000,1.000000,0.000000,0.000000,0.000000,1.000000,true,100.000000
EndFrame
SetLocation,15.603921,3.653038,9.976302
SetRotation,-0.391100,0.000000,0.920348,-0.206939,0.974394,-0.087938,-0.896781,-0.224849,-0.381085
EditCopy,32349.000000,30146.000000,38319.000000,32046.000000,26437.000000,40309.000000,30522.000000,25872.000000,33956.000000,190.000000,1.000000,0.000000,0.000000,0.000000,1.000000,0.000000,0.000000,0.000000,1.000000,true,100.000000
EndFrame
SetLocation,15.603921,3.653038,9.976302
SetRotation,-0.391100,0.000000,0.920348,-0.206939,0.974394,-0.087938,-0.896781,-0.224849,-0.381085
EditCopy,32368.000000,30158.000000,38281.000000,32046.000000,26437.000000,40309.000000,30522.000000,25872.000000,33956.000000,190.000000,1.000000,0.000000,0.000000,0.000000,1.000000,0.000000,0.000000,0.000000,1.000000,true,100.000000
EndFrame
SetLocation,15.603921,3.653038,9.976302
SetRotation,-0.391100,0.000000,0.920348,-0.206939,0.974394,-0.087938,-0.896781,-0.224849,-0.381085
EditCopy,32407.000000,30201.000000,38251.000000,32046.000000,26437.000000,40309.000000,30522.000000,25872.000000,33956.000000,190.000000,1.000000,0.000000,0.000000,0.000000,1.000000,0.000000,0.000000,0.000000,1.000000,true,100.000000
EndFrame
SetLocation,15.603921,3.653038,9.976302
SetRotation,-0.391100,0.000000,0.920348,-0.206939,0.974394,-0.087938,-0.896781,-0.224849,-0.381085
EditCopy,32442.000000,30234.000000,38212.000000,32046.000000,26437.000000,40309.000000,30522.000000,25872.000000,33956.000000,190.000000,1.000000,0.000000,0.000000,0.000000,1.000000,0.000000,0.000000,0.000000,1.000000,true,100.000000
EndFrame
SetLocation,15.603921,3.653038,9.976302
SetRotation,-0.391100,0.000000,0.920348,-0.206939,0.974394,-0.087938,-0.896781,-0.224849,-0.381085
EditCopy,32479.000000,30247.000000,38159.000000,32046.000000,26437.000000,40309.000000,30522.000000,25872.000000,33956.000000,190.000000,1.000000,0.000000,0.000000,0.000000,1.000000,0.000000,0.000000,0.000000,1.000000,true,100.000000
EndFrame
SetLocation,15.603921,3.653038,9.976302
SetRotation,-0.391100,0.000000,0.920348,-0.206939,0.974394,-0.087938,-0.896781,-0.224849,-0.381085
EditCopy,32525.000000,30273.000000,38120.000000,32046.000000,26437.000000,40309.000000,30522.000000,25872.000000,33956.000000,190.000000,1.000000,0.000000,0.000000,0.000000,1.000000,0.000000,0.000000,0.000000,1.000000,true,100.000000
EndFrame
SetLocation,15.603921,3.653038,9.976302
SetRotation,-0.391100,0.000000,0.920348,-0.206939,0.974394,-0.087938,-0.896781,-0.224849,-0.381085
EditCopy,32579.000000,30306.000000,38079.000000,32046.000000,26437.000000,40309.000000,30522.000000,25872.000000,33956.000000,190.000000,1.000000,0.000000,0.000000,0.000000,1.000000,0.000000,0.000000,0.000000,1.000000,true,100.000000
EndFrame
SetLocation,15.603921,3.653038,9.976302
SetRotation,-0.391100,0.000000,0.920348,-0.206939,0.974394,-0.087938,-0.896781,-0.224849,-0.381085
EditCopy,31394.000000,30689.000000,36987.000000,32046.000000,26437.000000,40309.000000,30522.000000,25872.000000,33956.000000,190.000000,1.000000,0.000000,0.000000,0.000000,1.000000,0.000000,0.000000,0.000000,1.000000,true,100.000000
EndFrame
SetLocation,15.603921,3.653038,9.976302
SetRotation,-0.391100,0.000000,0.920348,-0.206939,0.974394,-0.087938,-0.896781,-0.224849,-0.381085
EditCopy,32656.000000,30349.000000,38019.000000,32046.000000,26437.000000,40309.000000,30522.000000,25872.000000,33956.000000,190.000000,1.000000,0.000000,0.000000,0.000000,1.000000,0.000000,0.000000,0.000000,1.000000,true,100.000000
EndFrame
SetLocation,15.603921,3.653038,9.976302
SetRotation,-0.391100,0.000000,0.920348,-0.206939,0.974394,-0.087938,-0.896781,-0.224849,-0.381085
EditCopy,32706.000000,30365.000000,37937.000000,32046.000000,26437.000000,40309.000000,30522.000000,25872.000000,33956.000000,190.000000,1.000000,0.000000,0.000000,0.000000,1.000000,0.000000,0.000000,0.000000,1.000000,true,100.000000
EndFrame
SetLocation,15.603921,3.653038,9.976302
SetRotation,-0.391100,0.000000,0.920348,-0.206939,0.974394,-0.087938,-0.896781,-0.224849,-0.381085
EditCopy,28939.000000,31517.000000,34284.000000,32046.000000,26437.000000,40309.000000,30522.000000,25872.000000,33956.000000,190.000000,1.000000,0.000000,0.000000,0.000000,1.000000,0.000000,0.000000,0.000000,1.000000,true,100.000000
EndFrame
SetLocation,15.603921,3.653038,9.976302
SetRotation,-0.391100,0.000000,0.920348,-0.206939,0.974394,-0.087938,-0.896781,-0.224849,-0.381085
EditCopy,32661.000000,30424.000000,37728.000000,32046.000000,26437.000000,40309.000000,30522.000000,25872.000000,33956.000000,190.000000,1.000000,0.000000,0.000000,0.000000,1.000000,0.000000,0.000000,0.000000,1.000000,true,100.000000
EndFrame
SetLocation,15.603921,3.653038,9.976302
SetRotation,-0.391100,0.000000,0.920348,-0.206939,0.974394,-0.087938,-0.896781,-0.224849,-0.381085
EditCopy,32615.000000,30455.000000,37620.000000,32046.000000,26437.000000,40309.000000,30522.000000,25872.000000,33956.000000,190.000000,1.000000,0.000000,0.000000,0.000000,1.000000,0.000000,0.000000,0.000000,1.000000,true,100.000000
EndFrame
SetLocation,15.603921,3.653038,9.976302
SetRotation,-0.391100,0.000000,0.920348,-0.206939,0.974394,-0.087938,-0.896781,-0.224849,-0.381085
EndFrame
SetLocation,15.603921,3.653038,9.976302
SetRotation,-0.391100,0.000000,0.920348,-0.206939,0.974394,-0.087938,-0.896781,-0.224849,-0.381085
EndFrame
SetLocation,15.603921,3.653038,9.976302
SetRotation,-0.391100,0.000000,0.920348,-0.206939,0.974394,-0.087938,-0.896781,-0.224849,-0.381085
EndFrame
SetLocation,15.603921,3.653038,9.976302
SetRotation,-0.391100,0.000000,0.920348,-0.206939,0.974394,-0.087938,-0.896781,-0.224849,-0.381085
EndFrame
SetLocation,15.603921,3.653038,9.976302
SetRotation,-0.391100,0.000000,0.920348,-0.206939,0.974394,-0.087938,-0.896781,-0.224849,-0.381085
EndFrame
SetLocation,15.603921,3.653038,9.976302
SetRotation,-0.391100,0.000000,0.920348,-0.206939,0.974394,-0.087938,-0.896781,-0.224849,-0.381085
EndFrame
SetLocation,15.603921,3.653038,9.976302
SetRotation,-0.391100,0.000000,0.920348,-0.206939,0.974394,-0.087938,-0.896781,-0.224849,-0.381085
EndFrame
SetLocation,15.603921,3.653038,9.976302
SetRotation,-0.391100,0.000000,0.920348,-0.206939,0.974394,-0.087938,-0.896781,-0.224849,-0.381085
EndFrame
SetLocation,15.603921,3.653038,9.976302
SetRotation,-0.391100,0.000000,0.920348,-0.206939,0.974394,-0.087938,-0.896781,-0.224849,-0.381085
EndFrame
SetLocation,15.603921,3.653038,9.976302
SetRotation,-0.391100,0.000000,0.920348,-0.206939,0.974394,-0.087938,-0.896781,-0.224849,-0.381085
EndFrame
SetLocation,15.603921,3.653038,9.976302
SetRotation,-0.391100,0.000000,0.920348,-0.206939,0.974394,-0.087938,-0.896781,-0.224849,-0.381085
EndFrame
SetLocation,15.603921,3.653038,9.976302
SetRotation,-0.391100,0.000000,0.920348,-0.206939,0.974394,-0.087938,-0.896781,-0.224849,-0.381085
EndFrame
SetLocation,15.603921,3.653038,9.976302
SetRotation,-0.391100,0.000000,0.920348,-0.206939,0.974394,-0.087938,-0.896781,-0.224849,-0.381085
EndFrame
SetLocation,15.603921,3.653038,9.976302
SetRotation,-0.391100,0.000000,0.920348,-0.206939,0.974394,-0.087938,-0.896781,-0.224849,-0.381085
EndFrame
SetLocation,15.603921,3.653038,9.976302
SetRotation,-0.391100,0.000000,0.920348,-0.206939,0.974394,-0.087938,-0.896781,-0.224849,-0.381085
EndFrame
SetLocation,15.603921,3.653038,9.976302
SetRotation,-0.391100,0.000000,0.920348,-0.206939,0.974394,-0.087938,-0.896781,-0.224849,-0.381085
EndFrame
SetLocation,15.603921,3.653038,9.976302
SetRotation,-0.391100,0.000000,0.920348,-0.206939,0.974394,-0.087938,-0.896781,-0.224849,-0.381085
EndFrame
SetLocation,15.603921,3.653038,9.976302
SetRotation,-0.391100,0.000000,0.920348,-0.206939,0.974394,-0.087938,-0.896781,-0.224849,-0.381085
EndFrame
SetLocation,15.603921,3.653038,9.976302
SetRotation,-0.391100,0.000000,0.920348,-0.206939,0.974394,-0.087938,-0.896781,-0.224849,-0.381085
EndFrame
SetLocation,15.603921,3.653038,9.976302
SetRotation,-0.391100,0.000000,0.920348,-0.206939,0.974394,-0.087938,-0.896781,-0.224849,-0.381085
EndFrame
SetLocation,15.603921,3.653038,9.976302
SetRotation,-0.391100,0.000000,0.920348,-0.206939,0.974394,-0.087938,-0.896781,-0.224849,-0.381085
EndFrame
SetLocation,15.603921,3.653038,9.976302
SetRotation,-0.391100,0.000000,0.920348,-0.206939,0.974394,-0.087938,-0.896781,-0.224849,-0.381085
EndFrame
SetLocation,15.603921,3.653038,9.976302
SetRotation,-0.391100,0.000000,0.920348,-0.206939,0.974394,-0.087938,-0.896781,-0.224849,-0.381085
EndFrame
SetLocation,15.603921,3.653038,9.976302
SetRotation,-0.391100,0.000000,0.920348,-0.206939,0.974394,-0.087938,-0.896781,-0.224849,-0.381085
EndFrame
SetLocation,15.603921,3.653038,9.976302
SetRotation,-0.391100,0.000000,0.920348,-0.206939,0.974394,-0.087938,-0.896781,-0.224849,-0.381085
EndFrame
SetLocation,15.603921,3.653038,9.976302
SetRotation,-0.391100,0.000000,0.920348,-0.206939,0.974394,-0.087938,-0.896781,-0.224849,-0.381085
EndFrame
SetLocation,15.603921,3.653038,9.976302
SetRotation,-0.391100,0.000000,0.920348,-0.206939,0.974394,-0.087938,-0.896781,-0.224849,-0.381085
EndFrame
SetLocation,15.603921,3.653038,9.976302
SetRotation,-0.391100,0.000000,0.920348,-0.206939,0.974394,-0.087938,-0.896781,-0.224849,-0.381085
EndFrame
SetLocation,15.603921,3.653038,9.976302
SetRotation,-0.391100,0.000000,0.920348,-0.206939,0.974394,-0.087938,-0.896781,-0.224849,-0.381085
EndFrame
SetLocation,15.603921,3.653038,9.976302
SetRotation,-0.391100,0.000000,0.920348,-0.206939,0.974394,-0.087938,-0.896781,-0.224849,-0.381085
EndFrame
SetLocation,15.603921,3.653038,9.976302
SetRotation,-0.391100,0.000000,0.920348,-0.206939,0.974394,-0.087938,-0.896781,-0.224849,-0.381085
EndFrame
SetLocation,15.603921,3.653038,9.976302
SetRotation,-0.391100,0.000000,0.920348,-0.206939,0.974394,-0.087938,-0.896781,-0.224849,-0.381085
EndFrame
SetLocation,15.603921,3.653038,9.976302
SetRotation,-0.391100,0.000000,0.920348,-0.206939,0.974394,-0.087938,-0.896781,-0.224849,-0.381085
EndFrame
SetLocation,15.603921,3.653038,9.976302
SetRotation,-0.391100,0.000000,0.920348,-0.206939,0.974394,-0.087938,-0.896781,-0.224849,-0.381085
EndFrame
SetLocation,15.603921,3.653038,9.976302
SetRotation,-0.391100,0.000000,0.920348,-0.206939,0.974394,-0.087938,-0.896781,-0.224849,-0.381085
EndFrame
SetLocation,15.603921,3.653038,9.976302
SetRotation,-0.391100,0.000000,0.920348,-0.206939,0.974394,-0.087938,-0.896781,-0.224849,-0.381085
EndFrame
SetLocation,15.603921,3.653038,9.976302
SetRotation,-0.391100,0.000000,0.920348,-0.206939,0.974394,-0.087938,-0.896781,-0.224849,-0.381085
EndFrame
SetLocation,15.603921,3.653038,9.976302
SetRotation,-0.391100,0.000000,0.920348,-0.206939,0.974394,-0.087938,-0.896781,-0.224849,-0.381085
EditCopy,31241.000000,30332.000000,37878.000000,32046.000000,26437.000000,40309.000000,30522.000000,25872.000000,33956.000000,190.000000,1.000000,0.000000,0.000000,0.000000,1.000000,0.000000,0.000000,0.000000,1.000000,true,100.000000
EndFrame
SetLocation,15.603921,3.653038,9.976302
SetRotation,-0.391100,0.000000,0.920348,-0.206939,0.974394,-0.087938,-0.896781,-0.224849,-0.381085
EditCopy,32234.000000,30305.000000,38128.000000,32046.000000,26437.000000,40309.000000,30522.000000,25872.000000,33956.000000,190.000000,1.000000,0.000000,0.000000,0.000000,1.000000,0.000000,0.000000,0.000000,1.000000,true,100.000000
EndFrame
SetLocation,15.603921,3.653038,9.976302
SetRotation,-0.391100,0.000000,0.920348,-0.206939,0.974394,-0.087938,-0.896781,-0.224849,-0.381085
EditCopy,32213.000000,30421.000000,37882.000000,32046.000000,26437.000000,40309.000000,30522.000000,25872.000000,33956.000000,190.000000,1.000000,0.000000,0.000000,0.000000,1.000000,0.000000,0.000000,0.000000,1.000000,true,100.000000
EndFrame
SetLocation,15.603921,3.653038,9.976302
SetRotation,-0.391100,0.000000,0.920348,-0.206939,0.974394,-0.087938,-0.896781,-0.224849,-0.381085
EditCopy,32214.000000,30458.000000,37795.000000,32046.000000,26437.000000,40309.000000,30522.000000,25872.000000,33956.000000,190.000000,1.000000,0.000000,0.000000,0.000000,1.000000,0.000000,0.000000,0.000000,1.000000,true,100.000000
EndFrame
SetLocation,15.603921,3.653038,9.976302
SetRotation,-0.391100,0.000000,0.920348,-0.206939,0.974394,-0.087938,-0.896781,-0.224849,-0.381085
EditCopy,32204.000000,30504.000000,37686.000000,32046.000000,26437.000000,40309.000000,30522.000000,25872.000000,33956.000000,190.000000,1.000000,0.000000,0.000000,0.000000,1.000000,0.000000,0.000000,0.000000,1.000000,true,100.000000
EndFrame
SetLocation,15.603921,3.653038,9.976302
SetRotation,-0.391100,0.000000,0.920348,-0.206939,0.974394,-0.087938,-0.896781,-0.224849,-0.381085
EditCopy,30966.000000,30881.000000,36505.000000,32046.000000,26437.000000,40309.000000,30522.000000,25872.000000,33956.000000,190.000000,1.000000,0.000000,0.000000,0.000000,1.000000,0.000000,0.000000,0.000000,1.000000,true,100.000000
EndFrame
SetLocation,15.603921,3.653038,9.976302
SetRotation,-0.391100,0.000000,0.920348,-0.206939,0.974394,-0.087938,-0.896781,-0.224849,-0.381085
EditCopy,32748.000000,30395.000000,37922.000000,32046.000000,26437.000000,40309.000000,30522.000000,25872.000000,33956.000000,190.000000,1.000000,0.000000,0.000000,0.000000,1.000000,0.000000,0.000000,0.000000,1.000000,true,100.000000
EndFrame
SetLocation,15.603921,3.653038,9.976302
SetRotation,-0.391100,0.000000,0.920348,-0.206939,0.974394,-0.087938,-0.896781,-0.224849,-0.381085
EditCopy,32817.000000,30428.000000,37841.000000,32046.000000,26437.000000,40309.000000,30522.000000,25872.000000,33956.000000,190.000000,1.000000,0.000000,0.000000,0.000000,1.000000,0.000000,0.000000,0.000000,1.000000,true,100.000000
EndFrame
SetLocation,15.603921,3.653038,9.976302
SetRotation,-0.391100,0.000000,0.920348,-0.206939,0.974394,-0.087938,-0.896781,-0.224849,-0.381085
EditCopy,32872.000000,30471.000000,37787.000000,32046.000000,26437.000000,40309.000000,30522.000000,25872.000000,33956.000000,190.000000,1.000000,0.000000,0.000000,0.000000,1.000000,0.000000,0.000000,0.000000,1.000000,true,100.000000
EndFrame
SetLocation,15.603921,3.653038,9.976302
SetRotation,-0.391100,0.000000,0.920348,-0.206939,0.974394,-0.087938,-0.896781,-0.224849,-0.381085
EditCopy,32906.000000,30496.000000,37743.000000,32046.000000,26437.000000,40309.000000,30522.000000,25872.000000,33956.000000,190.000000,1.000000,0.000000,0.000000,0.000000,1.000000,0.000000,0.000000,0.000000,1.000000,true,100.000000
EndFrame
SetLocation,15.603921,3.653038,9.976302
SetRotation,-0.391100,0.000000,0.920348,-0.206939,0.974394,-0.087938,-0.896781,-0.224849,-0.381085
EditCopy,32923.000000,30509.000000,37716.000000,32046.000000,26437.000000,40309.000000,30522.000000,25872.000000,33956.000000,190.000000,1.000000,0.000000,0.000000,0.000000,1.000000,0.000000,0.000000,0.000000,1.000000,true,100.000000
EndFrame
SetLocation,15.603921,3.653038,9.976302
SetRotation,-0.391100,0.000000,0.920348,-0.206939,0.974394,-0.087938,-0.896781,-0.224849,-0.381085
EditCopy,32933.000000,30525.000000,37682.000000,32046.000000,26437.000000,40309.000000,30522.000000,25872.000000,33956.000000,190.000000,1.000000,0.000000,0.000000,0.000000,1.000000,0.000000,0.000000,0.000000,1.000000,true,100.000000
EndFrame
SetLocation,15.603921,3.653038,9.976302
SetRotation,-0.391100,0.000000,0.920348,-0.206939,0.974394,-0.087938,-0.896781,-0.224849,-0.381085
EndFrame
SetLocation,15.603921,3.653038,9.976302
SetRotation,-0.391100,0.000000,0.920348,-0.206939,0.974394,-0.087938,-0.896781,-0.224849,-0.381085
EndFrame
SetLocation,15.603921,3.653038,9.976302
SetRotation,-0.391100,0.000000,0.920348,-0.206939,0.974394,-0.087938,-0.896781,-0.224849,-0.381085
EndFrame
SetLocation,15.603921,3.653038,9.976302
SetRotation,-0.391100,0.000000,0.920348,-0.206939,0.974394,-0.087938,-0.896781,-0.224849,-0.381085
EndFrame
SetLocation,15.603921,3.653038,9.976302
SetRotation,-0.391100,0.000000,0.920348,-0.206939,0.974394,-0.087938,-0.896781,-0.224849,-0.381085
EndFrame
SetLocation,15.603921,3.653038,9.976302
SetRotation,-0.391100,0.000000,0.920348,-0.206939,0.974394,-0.087938,-0.896781,-0.224849,-0.381085
EndFrame
SetLocation,15.603921,3.653038,9.976302
SetRotation,-0.391100,0.000000,0.920348,-0.206939,0.974394,-0.087938,-0.896781,-0.224849,-0.381085
EndFrame
SetLocation,15.603921,3.653038,9.976302
SetRotation,-0.391100,0.000000,0.920348,-0.206939,0.974394,-0.087938,-0.896781,-0.224849,-0.381085
EndFrame
SetLocation,15.603921,3.653038,9.976302
SetRotation,-0.391100,0.000000,0.920348,-0.206939,0.974394,-0.087938,-0.896781,-0.224849,-0.381085
EndFrame
SetLocation,15.603921,3.653038,9.976302
SetRotation,-0.391100,0.000000,0.920348,-0.206939,0.974394,-0.087938,-0.896781,-0.224849,-0.381085
EndFrame
SetLocation,15.603921,3.653038,9.976302
SetRotation,-0.391100,0.000000,0.920348,-0.206939,0.974394,-0.087938,-0.896781,-0.224849,-0.381085
EndFrame
SetLocation,15.603921,3.653038,9.976302
SetRotation,-0.391100,0.000000,0.920348,-0.206939,0.974394,-0.087938,-0.896781,-0.224849,-0.381085
EndFrame
SetLocation,15.603921,3.653038,9.976302
SetRotation,-0.391100,0.000000,0.920348,-0.206939,0.974394,-0.087938,-0.896781,-0.224849,-0.381085
EndFrame
SetLocation,15.603921,3.653038,9.976302
SetRotation,-0.391100,0.000000,0.920348,-0.206939,0.974394,-0.087938,-0.896781,-0.224849,-0.381085
EndFrame
SetLocation,15.603921,3.653038,9.976302
SetRotation,-0.391100,0.000000,0.920348,-0.206939,0.974394,-0.087938,-0.896781,-0.224849,-0.381085
EndFrame
SetLocation,15.603921,3.653038,9.976302
SetRotation,-0.391100,0.000000,0.920348,-0.206939,0.974394,-0.087938,-0.896781,-0.224849,-0.381085
EndFrame
SetLocation,15.603921,3.653038,9.976302
SetRotation,-0.391100,0.000000,0.920348,-0.206939,0.974394,-0.087938,-0.896781,-0.224849,-0.381085
EndFrame
SetLocation,15.603921,3.653038,9.976302
SetRotation,-0.391100,0.000000,0.920348,-0.206939,0.974394,-0.087938,-0.896781,-0.224849,-0.381085
EndFrame
SetLocation,15.603921,3.653038,9.976302
SetRotation,-0.391100,0.000000,0.920348,-0.206939,0.974394,-0.087938,-0.896781,-0.224849,-0.381085
EndFrame
SetLocation,15.603921,3.653038,9.976302
SetRotation,-0.391100,0.000000,0.920348,-0.206939,0.974394,-0.087938,-0.896781,-0.224849,-0.381085
EndFrame
SetLocation,15.603921,3.653038,9.976302
SetRotation,-0.391100,0.000000,0.920348,-0.206939,0.974394,-0.087938,-0.896781,-0.224849,-0.381085
EndFrame
SetLocation,15.603921,3.653038,9.976302
SetRotation,-0.391100,0.000000,0.920348,-0.206939,0.974394,-0.087938,-0.896781,-0.224849,-0.381085
EndFrame
SetLocation,15.603921,3.653038,9.976302
SetRotation,-0.391100,0.000000,0.920348,-0.206939,0.974394,-0.087938,-0.896781,-0.224849,-0.381085
EndFrame
SetLocation,15.603921,3.653038,9.976302
SetRotation,-0.391100,0.000000,0.920348,-0.206939,0.974394,-0.087938,-0.896781,-0.224849,-0.381085
EndFrame
SetLocation,15.603921,3.653038,9.976302
SetRotation,-0.391100,0.000000,0.920348,-0.206939,0.974394,-0.087938,-0.896781,-0.224849,-0.381085
EndFrame
SetLocation,15.603921,3.653038,9.976302
SetRotation,-0.391100,0.000000,0.920348,-0.206939,0.974394,-0.087938,-0.896781,-0.224849,-0.381085
EndFrame
SetLocation,15.603921,3.653038,9.976302
SetRotation,-0.391100,0.000000,0.920348,-0.206939,0.974394,-0.087938,-0.896781,-0.224849,-0.381085
EndFrame
SetLocation,15.603921,3.653038,9.976302
SetRotation,-0.391100,0.000000,0.920348,-0.206939,0.974394,-0.087938,-0.896781,-0.224849,-0.381085
EndFrame
SetLocation,15.603921,3.653038,9.976302
