SetLocation,-986.007814,667.199706,-37.140710
SetRotation,-0.070880,0.000000,-0.997485,0.000000,1.000000,0.000000,0.997485,0.000000,-0.070880
EndFrame
SetLocation,-986.007814,667.199706,-37.140710
SetRotation,-0.070880,0.000000,-0.997485,0.000000,1.000000,0.000000,0.997485,0.000000,-0.070880
EndFrame
SetLocation,-986.007814,667.199706,-37.140710
SetRotation,-0.070880,0.000000,-0.997485,0.000000,1.000000,0.000000,0.997485,0.000000,-0.070880
EndFrame
SetLocation,-986.007814,667.199706,-37.140710
SetRotation,-0.070880,0.000000,-0.997485,0.000000,1.000000,0.000000,0.997485,0.000000,-0.070880
EndFrame
SetLocation,-986.007814,667.199706,-37.140710
SetRotation,-0.070880,0.000000,-0.997485,0.000000,1.000000,0.000000,0.997485,0.000000,-0.070880
EndFrame
SetLocation,-986.007814,667.199706,-37.140710
SetRotation,-0.070880,0.000000,-0.997485,0.000000,1.000000,0.000000,0.997485,0.000000,-0.070880
EndFrame
SetLocation,-986.007814,667.199706,-37.140710
SetRotation,-0.070880,0.000000,-0.997485,0.000000,1.000000,0.000000,0.997485,0.000000,-0.070880
EndFrame
SetLocation,-986.007814,667.199706,-37.140710
SetRotation,-0.070880,0.000000,-0.997485,0.000000,1.000000,0.000000,0.997485,0.000000,-0.070880
EndFrame
SetLocation,-986.007814,667.199706,-37.140710
SetRotation,-0.070880,0.000000,-0.997485,0.000000,1.000000,0.000000,0.997485,0.000000,-0.070880
EndFrame
SetLocation,-986.007814,667.199706,-37.140710
SetRotation,-0.070880,0.000000,-0.997485,0.000000,1.000000,0.000000,0.997485,0.000000,-0.070880
EndFrame
SetLocation,-986.007814,667.199706,-37.140710
SetRotation,-0.070880,0.000000,-0.997485,0.000000,1.000000,0.000000,0.997485,0.000000,-0.070880
EndFrame
SetLocation,-986.007814,667.199706,-37.140710
SetRotation,-0.070880,0.000000,-0.997485,0.000000,1.000000,0.000000,0.997485,0.000000,-0.070880
EndFrame
SetLocation,-986.007814,667.199706,-37.140710
SetRotation,-0.070880,0.000000,-0.997485,0.000000,1.000000,0.000000,0.997485,0.000000,-0.070880
EndFrame
SetLocation,-986.007814,667.199706,-37.140710
SetRotation,-0.070880,0.000000,-0.997485,0.000000,1.000000,0.000000,0.997485,0.000000,-0.070880
EndFrame
SetLocation,-986.007814,667.199706,-37.140710
SetRotation,-0.070880,0.000000,-0.997485,0.000000,1.000000,0.000000,0.997485,0.000000,-0.070880
EndFrame
SetLocation,-986.007814,667.199706,-37.140710
SetRotation,-0.070880,0.000000,-0.997485,0.000000,1.000000,0.000000,0.997485,0.000000,-0.070880
EndFrame
SetLocation,-986.007814,667.199706,-37.140710
SetRotation,-0.070880,0.000000,-0.997485,0.000000,1.000000,0.000000,0.997485,0.000000,-0.070880
EndFrame
SetLocation,-986.007814,667.199706,-37.140710
SetRotation,-0.070880,0.000000,-0.997485,0.000000,1.000000,0.000000,0.997485,0.000000,-0.070880
EndFrame
SetLocation,-986.007814,667.199706,-37.140710
SetRotation,-0.070880,0.000000,-0.997485,0.000000,1.000000,0.000000,0.997485,0.000000,-0.070880
EndFrame
SetLocation,-986.007814,667.199706,-37.140710
SetRotation,-0.070880,0.000000,-0.997485,0.000000,1.000000,0.000000,0.997485,0.000000,-0.070880
EndFrame
SetLocation,-986.007814,667.199706,-37.140710
SetRotation,-0.070880,0.000000,-0.997485,0.000000,1.000000,0.000000,0.997485,0.000000,-0.070880
EndFrame
SetLocation,-986.007814,667.199706,-37.140710
SetRotation,-0.070880,0.000000,-0.997485,0.000000,1.000000,0.000000,0.997485,0.000000,-0.070880
EndFrame
SetLocation,-988.548349,667.199706,-36.960182
SetRotation,-0.070880,0.000000,-0.997485,0.000000,1.000000,0.000000,0.997485,0.000000,-0.070880
EndFrame
SetLocation,-991.444181,667.199706,-39.471768
SetRotation,-0.070880,0.000000,-0.997485,0.000000,1.000000,0.000000,0.997485,0.000000,-0.070880
EndFrame
SetLocation,-994.215225,667.199706,-41.875124
SetRotation,-0.070880,0.000000,-0.997485,0.000000,1.000000,0.000000,0.997485,0.000000,-0.070880
EndFrame
SetLocation,-996.991993,667.199706,-44.283444
SetRotation,-0.070880,0.000000,-0.997485,0.000000,1.000000,0.000000,0.997485,0.000000,-0.070880
EndFrame
SetLocation,-999.770734,667.199706,-46.693475
SetRotation,-0.070880,0.000000,-0.997485,0.000000,1.000000,0.000000,0.997485,0.000000,-0.070880
EndFrame
SetLocation,-1002.554540,667.199706,-49.107900
SetRotation,-0.070880,0.000000,-0.997485,0.000000,1.000000,0.000000,0.997485,0.000000,-0.070880
EndFrame
SetLocation,-1005.391208,667.199706,-51.568172
SetRotation,-0.070880,0.000000,-0.997485,0.000000,1.000000,0.000000,0.997485,0.000000,-0.070880
EndFrame
SetLocation,-1008.225172,667.199706,-54.026099
SetRotation,-0.070880,0.000000,-0.997485,0.000000,1.000000,0.000000,0.997485,0.000000,-0.070880
EndFrame
SetLocation,-1011.020208,667.199706,-56.450263
SetRotation,-0.070880,0.000000,-0.997485,0.000000,1.000000,0.000000,0.997485,0.000000,-0.070880
EndFrame
SetLocation,-1013.813788,667.199706,-58.873165
SetRotation,-0.070880,0.000000,-0.997485,0.000000,1.000000,0.000000,0.997485,0.000000,-0.070880
EndFrame
SetLocation,-1016.587932,667.199706,-61.279209
SetRotation,-0.070880,0.000000,-0.997485,0.000000,1.000000,0.000000,0.997485,0.000000,-0.070880
EndFrame
SetLocation,-1019.377523,667.199706,-63.698651
SetRotation,-0.070880,0.000000,-0.997485,0.000000,1.000000,0.000000,0.997485,0.000000,-0.070880
EndFrame
SetLocation,-1022.237977,667.199706,-66.179553
SetRotation,-0.070880,0.000000,-0.997485,0.000000,1.000000,0.000000,0.997485,0.000000,-0.070880
EndFrame
SetLocation,-1025.023470,667.199706,-68.595441
SetRotation,-0.070880,0.000000,-0.997485,0.000000,1.000000,0.000000,0.997485,0.000000,-0.070880
EndFrame
SetLocation,-1027.794290,667.199706,-70.998602
SetRotation,-0.070880,0.000000,-0.997485,0.000000,1.000000,0.000000,0.997485,0.000000,-0.070880
EndFrame
SetLocation,-1030.565287,667.199706,-73.401917
SetRotation,-0.070880,0.000000,-0.997485,0.000000,1.000000,0.000000,0.997485,0.000000,-0.070880
EndFrame
SetLocation,-1033.329635,667.199706,-75.799465
SetRotation,-0.070880,0.000000,-0.997485,0.000000,1.000000,0.000000,0.997485,0.000000,-0.070880
EndFrame
SetLocation,-1036.088670,667.199706,-78.192406
SetRotation,-0.070880,0.000000,-0.997485,0.000000,1.000000,0.000000,0.997485,0.000000,-0.070880
EndFrame
SetLocation,-1038.906219,667.199706,-80.636096
SetRotation,-0.070880,0.000000,-0.997485,0.000000,1.000000,0.000000,0.997485,0.000000,-0.070880
EndFrame
SetLocation,-1041.651201,667.199706,-83.016847
SetRotation,-0.070880,0.000000,-0.997485,0.000000,1.000000,0.000000,0.997485,0.000000,-0.070880
EndFrame
SetLocation,-1044.393264,667.199706,-85.395068
SetRotation,-0.070880,0.000000,-0.997485,0.000000,1.000000,0.000000,0.997485,0.000000,-0.070880
EndFrame
SetLocation,-1047.129019,667.199706,-87.767817
SetRotation,-0.070880,0.000000,-0.997485,0.000000,1.000000,0.000000,0.997485,0.000000,-0.070880
EndFrame
SetLocation,-1049.860461,667.199706,-90.136826
SetRotation,-0.070880,0.000000,-0.997485,0.000000,1.000000,0.000000,0.997485,0.000000,-0.070880
EndFrame
SetLocation,-1052.651336,667.199706,-92.557381
SetRotation,-0.070880,0.000000,-0.997485,0.000000,1.000000,0.000000,0.997485,0.000000,-0.070880
EndFrame
SetLocation,-1055.378458,667.199706,-94.922643
SetRotation,-0.070880,0.000000,-0.997485,0.000000,1.000000,0.000000,0.997485,0.000000,-0.070880
EndFrame
SetLocation,-1058.240953,667.199706,-97.405315
SetRotation,-0.070880,0.000000,-0.997485,0.000000,1.000000,0.000000,0.997485,0.000000,-0.070880
EndFrame
SetLocation,-1060.962901,667.199706,-99.766089
SetRotation,-0.070880,0.000000,-0.997485,0.000000,1.000000,0.000000,0.997485,0.000000,-0.070880
EndFrame
SetLocation,-1063.679270,667.199706,-102.122025
SetRotation,-0.070880,0.000000,-0.997485,0.000000,1.000000,0.000000,0.997485,0.000000,-0.070880
EndFrame
SetLocation,-1066.398609,667.199706,-104.480537
SetRotation,-0.070880,0.000000,-0.997485,0.000000,1.000000,0.000000,0.997485,0.000000,-0.070880
EndFrame
SetLocation,-1069.176621,667.199706,-106.889936
SetRotation,-0.070880,0.000000,-0.997485,0.000000,1.000000,0.000000,0.997485,0.000000,-0.070880
EndFrame
SetLocation,-1071.901777,667.199706,-109.253492
SetRotation,-0.070880,0.000000,-0.997485,0.000000,1.000000,0.000000,0.997485,0.000000,-0.070880
EndFrame
SetLocation,-1074.629142,667.199706,-111.618965
SetRotation,-0.070880,0.000000,-0.997485,0.000000,1.000000,0.000000,0.997485,0.000000,-0.070880
EndFrame
SetLocation,-1077.363944,667.199706,-113.990888
SetRotation,-0.070880,0.000000,-0.997485,0.000000,1.000000,0.000000,0.997485,0.000000,-0.070880
EndFrame
SetLocation,-1080.105739,667.199706,-116.368875
SetRotation,-0.070880,0.000000,-0.997485,0.000000,1.000000,0.000000,0.997485,0.000000,-0.070880
EndFrame
SetLocation,-1082.844764,667.199706,-118.744461
SetRotation,-0.070880,0.000000,-0.997485,0.000000,1.000000,0.000000,0.997485,0.000000,-0.070880
EndFrame
SetLocation,-1085.635318,667.199706,-121.164738
SetRotation,-0.070880,0.000000,-0.997485,0.000000,1.000000,0.000000,0.997485,0.000000,-0.070880
EndFrame
SetLocation,-1088.417655,667.199706,-123.577888
SetRotation,-0.070880,0.000000,-0.997485,0.000000,1.000000,0.000000,0.997485,0.000000,-0.070880
EndFrame
SetLocation,-1091.142372,667.199706,-125.941064
SetRotation,-0.070880,0.000000,-0.997485,0.000000,1.000000,0.000000,0.997485,0.000000,-0.070880
EndFrame
SetLocation,-1093.856272,667.199706,-128.294858
SetRotation,-0.070880,0.000000,-0.997485,0.000000,1.000000,0.000000,0.997485,0.000000,-0.070880
EndFrame
SetLocation,-1096.563387,667.199706,-130.642767
SetRotation,-0.070880,0.000000,-0.997485,0.000000,1.000000,0.000000,0.997485,0.000000,-0.070880
EndFrame
SetLocation,-1096.747294,667.199706,-133.230864
SetRotation,-0.070880,0.000000,-0.997485,0.000000,1.000000,0.000000,0.997485,0.000000,-0.070880
EndFrame
SetLocation,-1096.927160,667.199706,-135.762074
SetRotation,-0.070880,0.000000,-0.997485,0.000000,1.000000,0.000000,0.997485,0.000000,-0.070880
EndFrame
SetLocation,-1097.106229,667.199706,-138.282073
SetRotation,-0.070880,0.000000,-0.997485,0.000000,1.000000,0.000000,0.997485,0.000000,-0.070880
EndFrame
SetLocation,-1097.285237,667.199706,-140.801225
SetRotation,-0.070880,0.000000,-0.997485,0.000000,1.000000,0.000000,0.997485,0.000000,-0.070880
EndFrame
SetLocation,-1097.463829,667.199706,-143.314500
SetRotation,-0.070880,0.000000,-0.997485,0.000000,1.000000,0.000000,0.997485,0.000000,-0.070880
EndFrame
SetLocation,-1097.642658,667.199706,-145.831129
SetRotation,-0.070880,0.000000,-0.997485,0.000000,1.000000,0.000000,0.997485,0.000000,-0.070880
EndFrame
SetLocation,-1097.825468,667.199706,-148.403779
SetRotation,-0.070880,0.000000,-0.997485,0.000000,1.000000,0.000000,0.997485,0.000000,-0.070880
EndFrame
SetLocation,-1098.003213,667.199706,-150.905152
SetRotation,-0.070880,0.000000,-0.997485,0.000000,1.000000,0.000000,0.997485,0.000000,-0.070880
EndFrame
SetLocation,-1098.180178,667.199706,-153.395532
SetRotation,-0.070880,0.000000,-0.997485,0.000000,1.000000,0.000000,0.997485,0.000000,-0.070880
EndFrame
SetLocation,-1098.356421,667.199706,-155.875764
SetRotation,-0.070880,0.000000,-0.997485,0.000000,1.000000,0.000000,0.997485,0.000000,-0.070880
EndFrame
SetLocation,-1098.531915,667.199706,-158.345453
SetRotation,-0.070880,0.000000,-0.997485,0.000000,1.000000,0.000000,0.997485,0.000000,-0.070880
EndFrame
SetLocation,-1098.715322,667.199706,-160.926513
SetRotation,-0.070880,0.000000,-0.997485,0.000000,1.000000,0.000000,0.997485,0.000000,-0.070880
EndFrame
SetLocation,-1098.893871,667.199706,-163.439192
SetRotation,-0.070880,0.000000,-0.997485,0.000000,1.000000,0.000000,0.997485,0.000000,-0.070880
EndFrame
SetLocation,-1100.627966,667.199706,-187.842748
SetRotation,-0.070880,0.000000,-0.997485,0.000000,1.000000,0.000000,0.997485,0.000000,-0.070880
EndFrame
SetLocation,-1102.288517,667.199706,-211.211342
SetRotation,-0.070880,0.000000,-0.997485,0.000000,1.000000,0.000000,0.997485,0.000000,-0.070880
EndFrame
SetLocation,-1103.930222,667.199706,-234.314710
SetRotation,-0.070880,0.000000,-0.997485,0.000000,1.000000,0.000000,0.997485,0.000000,-0.070880
EndFrame
SetLocation,-1105.389951,667.199706,-254.857175
SetRotation,-0.070880,0.000000,-0.997485,0.000000,1.000000,0.000000,0.997485,0.000000,-0.070880
EndFrame
SetLocation,-1106.659746,667.199706,-272.726733
SetRotation,-0.070880,0.000000,-0.997485,0.000000,1.000000,0.000000,0.997485,0.000000,-0.070880
EndFrame
SetLocation,-1107.833952,667.199706,-289.251091
SetRotation,-0.070880,0.000000,-0.997485,0.000000,1.000000,0.000000,0.997485,0.000000,-0.070880
EndFrame
SetLocation,-1109.052130,667.199706,-306.394259
SetRotation,-0.070880,0.000000,-0.997485,0.000000,1.000000,0.000000,0.997485,0.000000,-0.070880
EndFrame
SetLocation,-1110.588083,667.199706,-328.009402
SetRotation,-0.070880,0.000000,-0.997485,0.000000,1.000000,0.000000,0.997485,0.000000,-0.070880
EndFrame
SetLocation,-1111.988738,667.199706,-347.720526
SetRotation,-0.070880,0.000000,-0.997485,0.000000,1.000000,0.000000,0.997485,0.000000,-0.070880
EndFrame
SetLocation,-1113.393576,667.199706,-367.490527
SetRotation,-0.070880,0.000000,-0.997485,0.000000,1.000000,0.000000,0.997485,0.000000,-0.070880
EndFrame
SetLocation,-1114.855804,667.199706,-388.068149
SetRotation,-0.070880,0.000000,-0.997485,0.000000,1.000000,0.000000,0.997485,0.000000,-0.070880
EndFrame
SetLocation,-1116.405392,667.199706,-409.875181
SetRotation,-0.070880,0.000000,-0.997485,0.000000,1.000000,0.000000,0.997485,0.000000,-0.070880
EndFrame
SetLocation,-1116.556426,667.199706,-412.000656
SetRotation,-0.070880,0.000000,-0.997485,0.000000,1.000000,0.000000,0.997485,0.000000,-0.070880
EndFrame
SetLocation,-1116.711417,667.199706,-414.181812
SetRotation,-0.070880,0.000000,-0.997485,0.000000,1.000000,0.000000,0.997485,0.000000,-0.070880
EndFrame
SetLocation,-1114.744068,667.199706,-416.450145
SetRotation,-0.070880,0.000000,-0.997485,0.000000,1.000000,0.000000,0.997485,0.000000,-0.070880
EndFrame
SetLocation,-1112.768608,667.199706,-418.727829
SetRotation,-0.070880,0.000000,-0.997485,0.000000,1.000000,0.000000,0.997485,0.000000,-0.070880
EndFrame
SetLocation,-1110.791239,667.199706,-421.007715
SetRotation,-0.070880,0.000000,-0.997485,0.000000,1.000000,0.000000,0.997485,0.000000,-0.070880
EndFrame
SetLocation,-1108.811665,667.199706,-423.290143
SetRotation,-0.070880,0.000000,-0.997485,0.000000,1.000000,0.000000,0.997485,0.000000,-0.070880
EndFrame
SetLocation,-1106.845552,667.199706,-425.557050
SetRotation,-0.070880,0.000000,-0.997485,0.000000,1.000000,0.000000,0.997485,0.000000,-0.070880
EndFrame
SetLocation,-1104.865325,667.199706,-427.840231
SetRotation,-0.070880,0.000000,-0.997485,0.000000,1.000000,0.000000,0.997485,0.000000,-0.070880
EndFrame
SetLocation,-1102.827984,667.199706,-430.189264
SetRotation,-0.070880,0.000000,-0.997485,0.000000,1.000000,0.000000,0.997485,0.000000,-0.070880
EndFrame
SetLocation,-1100.839433,667.199706,-432.482043
SetRotation,-0.070880,0.000000,-0.997485,0.000000,1.000000,0.000000,0.997485,0.000000,-0.070880
EndFrame
SetLocation,-1098.855116,667.199706,-434.769939
SetRotation,-0.070880,0.000000,-0.997485,0.000000,1.000000,0.000000,0.997485,0.000000,-0.070880
EndFrame
SetLocation,-1096.713978,667.199706,-434.922086
SetRotation,-0.070880,0.000000,-0.997485,0.000000,1.000000,0.000000,0.997485,0.000000,-0.070880
EndFrame
SetLocation,-1094.580827,667.199706,-435.073666
SetRotation,-0.070880,0.000000,-0.997485,0.000000,1.000000,0.000000,0.997485,0.000000,-0.070880
EndFrame
SetLocation,-1073.298318,667.199706,-436.585982
SetRotation,-0.070880,0.000000,-0.997485,0.000000,1.000000,0.000000,0.997485,0.000000,-0.070880
EndFrame
SetLocation,-1052.197092,667.199706,-438.085416
SetRotation,-0.070880,0.000000,-0.997485,0.000000,1.000000,0.000000,0.997485,0.000000,-0.070880
EndFrame
SetLocation,-1030.895864,667.199706,-439.599063
SetRotation,-0.070880,0.000000,-0.997485,0.000000,1.000000,0.000000,0.997485,0.000000,-0.070880
EndFrame
SetLocation,-1008.638242,667.199706,-441.180669
SetRotation,-0.070880,0.000000,-0.997485,0.000000,1.000000,0.000000,0.997485,0.000000,-0.070880
EndFrame
SetLocation,-987.949061,667.199706,-442.650824
SetRotation,-0.070880,0.000000,-0.997485,0.000000,1.000000,0.000000,0.997485,0.000000,-0.070880
EndFrame
SetLocation,-967.309366,667.199706,-444.117462
SetRotation,-0.070880,0.000000,-0.997485,0.000000,1.000000,0.000000,0.997485,0.000000,-0.070880
EndFrame
SetLocation,-946.275260,667.199706,-445.612127
SetRotation,-0.070880,0.000000,-0.997485,0.000000,1.000000,0.000000,0.997485,0.000000,-0.070880
EndFrame
SetLocation,-925.441914,667.199706,-447.092526
SetRotation,-0.070880,0.000000,-0.997485,0.000000,1.000000,0.000000,0.997485,0.000000,-0.070880
EndFrame
SetLocation,-904.774583,667.199706,-448.561128
SetRotation,-0.070880,0.000000,-0.997485,0.000000,1.000000,0.000000,0.997485,0.000000,-0.070880
EndFrame
SetLocation,-883.728391,667.199706,-450.056652
SetRotation,-0.070880,0.000000,-0.997485,0.000000,1.000000,0.000000,0.997485,0.000000,-0.070880
EndFrame
SetLocation,-863.326311,667.199706,-451.506405
SetRotation,-0.070880,0.000000,-0.997485,0.000000,1.000000,0.000000,0.997485,0.000000,-0.070880
EndFrame
SetLocation,-842.958443,667.199706,-452.953727
SetRotation,-0.070880,0.000000,-0.997485,0.000000,1.000000,0.000000,0.997485,0.000000,-0.070880
EndFrame
SetLocation,-822.366531,667.199706,-454.416970
SetRotation,-0.070880,0.000000,-0.997485,0.000000,1.000000,0.000000,0.997485,0.000000,-0.070880
EndFrame
SetLocation,-801.506147,667.199706,-455.899291
SetRotation,-0.070880,0.000000,-0.997485,0.000000,1.000000,0.000000,0.997485,0.000000,-0.070880
EndFrame
SetLocation,-780.526213,667.199706,-457.390106
SetRotation,-0.070880,0.000000,-0.997485,0.000000,1.000000,0.000000,0.997485,0.000000,-0.070880
EndFrame
SetLocation,-759.443347,667.199706,-458.888235
SetRotation,-0.070880,0.000000,-0.997485,0.000000,1.000000,0.000000,0.997485,0.000000,-0.070880
EndFrame
SetLocation,-737.682491,667.199706,-460.434542
SetRotation,-0.070880,0.000000,-0.997485,0.000000,1.000000,0.000000,0.997485,0.000000,-0.070880
EndFrame
SetLocation,-717.120946,667.199706,-461.895627
SetRotation,-0.070880,0.000000,-0.997485,0.000000,1.000000,0.000000,0.997485,0.000000,-0.070880
EndFrame
SetLocation,-696.552652,667.199706,-463.357192
SetRotation,-0.070880,0.000000,-0.997485,0.000000,1.000000,0.000000,0.997485,0.000000,-0.070880
EndFrame
SetLocation,-676.228530,667.199706,-464.801406
SetRotation,-0.070880,0.000000,-0.997485,0.000000,1.000000,0.000000,0.997485,0.000000,-0.070880
EndFrame
SetLocation,-655.821520,667.199706,-466.251510
SetRotation,-0.070880,0.000000,-0.997485,0.000000,1.000000,0.000000,0.997485,0.000000,-0.070880
EndFrame
SetLocation,-635.369523,667.199706,-467.704810
SetRotation,-0.070880,0.000000,-0.997485,0.000000,1.000000,0.000000,0.997485,0.000000,-0.070880
EndFrame
SetLocation,-614.874551,667.199706,-469.161165
SetRotation,-0.070880,0.000000,-0.997485,0.000000,1.000000,0.000000,0.997485,0.000000,-0.070880
EndFrame
SetLocation,-593.866127,667.199706,-470.654005
SetRotation,-0.070880,0.000000,-0.997485,0.000000,1.000000,0.000000,0.997485,0.000000,-0.070880
EndFrame
SetLocation,-573.253888,667.199706,-472.118692
SetRotation,-0.070880,0.000000,-0.997485,0.000000,1.000000,0.000000,0.997485,0.000000,-0.070880
EndFrame
SetLocation,-552.900979,667.199706,-473.564951
SetRotation,-0.070880,0.000000,-0.997485,0.000000,1.000000,0.000000,0.997485,0.000000,-0.070880
EndFrame
SetLocation,-532.707548,667.199706,-474.999878
SetRotation,-0.070880,0.000000,-0.997485,0.000000,1.000000,0.000000,0.997485,0.000000,-0.070880
EndFrame
SetLocation,-512.572493,667.199706,-476.430657
SetRotation,-0.070880,0.000000,-0.997485,0.000000,1.000000,0.000000,0.997485,0.000000,-0.070880
EndFrame
SetLocation,-492.450063,667.199706,-477.860539
SetRotation,-0.070880,0.000000,-0.997485,0.000000,1.000000,0.000000,0.997485,0.000000,-0.070880
EndFrame
SetLocation,-472.076430,667.199706,-479.308271
SetRotation,-0.070880,0.000000,-0.997485,0.000000,1.000000,0.000000,0.997485,0.000000,-0.070880
EndFrame
SetLocation,-450.877754,667.199706,-480.814630
SetRotation,-0.070880,0.000000,-0.997485,0.000000,1.000000,0.000000,0.997485,0.000000,-0.070880
EndFrame
SetLocation,-430.092912,667.199706,-482.291583
SetRotation,-0.070880,0.000000,-0.997485,0.000000,1.000000,0.000000,0.997485,0.000000,-0.070880
EndFrame
SetLocation,-409.315101,667.199706,-483.768035
SetRotation,-0.070880,0.000000,-0.997485,0.000000,1.000000,0.000000,0.997485,0.000000,-0.070880
EndFrame
SetLocation,-388.642267,667.199706,-485.237028
SetRotation,-0.070880,0.000000,-0.997485,0.000000,1.000000,0.000000,0.997485,0.000000,-0.070880
EndFrame
SetLocation,-366.817911,667.199706,-486.787847
SetRotation,-0.070880,0.000000,-0.997485,0.000000,1.000000,0.000000,0.997485,0.000000,-0.070880
EndFrame
SetLocation,-346.637350,667.199706,-488.221860
SetRotation,-0.070880,0.000000,-0.997485,0.000000,1.000000,0.000000,0.997485,0.000000,-0.070880
EndFrame
SetLocation,-326.534270,667.199706,-489.650367
SetRotation,-0.070880,0.000000,-0.997485,0.000000,1.000000,0.000000,0.997485,0.000000,-0.070880
EndFrame
SetLocation,-306.060531,667.199706,-491.105212
SetRotation,-0.070880,0.000000,-0.997485,0.000000,1.000000,0.000000,0.997485,0.000000,-0.070880
EndFrame
SetLocation,-286.059954,667.199706,-492.526436
SetRotation,-0.070880,0.000000,-0.997485,0.000000,1.000000,0.000000,0.997485,0.000000,-0.070880
EndFrame
SetLocation,-265.916336,667.199706,-493.957823
SetRotation,-0.070880,0.000000,-0.997485,0.000000,1.000000,0.000000,0.997485,0.000000,-0.070880
EndFrame
SetLocation,-245.877496,667.199706,-495.381765
SetRotation,-0.070880,0.000000,-0.997485,0.000000,1.000000,0.000000,0.997485,0.000000,-0.070880
EndFrame
SetLocation,-225.889910,667.199706,-496.802065
SetRotation,-0.070880,0.000000,-0.997485,0.000000,1.000000,0.000000,0.997485,0.000000,-0.070880
EndFrame
SetLocation,-205.859819,667.199706,-498.225385
SetRotation,-0.070880,0.000000,-0.997485,0.000000,1.000000,0.000000,0.997485,0.000000,-0.070880
EndFrame
SetLocation,-186.092498,667.199706,-499.630034
SetRotation,-0.070880,0.000000,-0.997485,0.000000,1.000000,0.000000,0.997485,0.000000,-0.070880
EndFrame
SetLocation,-166.131558,667.199706,-501.048440
SetRotation,-0.070880,0.000000,-0.997485,0.000000,1.000000,0.000000,0.997485,0.000000,-0.070880
EndFrame
SetLocation,-146.363561,667.199706,-502.453136
SetRotation,-0.070880,0.000000,-0.997485,0.000000,1.000000,0.000000,0.997485,0.000000,-0.070880
EndFrame
SetLocation,-126.545822,667.199706,-503.861367
SetRotation,-0.070880,0.000000,-0.997485,0.000000,1.000000,0.000000,0.997485,0.000000,-0.070880
EndFrame
SetLocation,-106.664652,667.199706,-505.274105
SetRotation,-0.070880,0.000000,-0.997485,0.000000,1.000000,0.000000,0.997485,0.000000,-0.070880
EndFrame
SetLocation,-86.058861,667.199706,-506.738334
SetRotation,-0.070880,0.000000,-0.997485,0.000000,1.000000,0.000000,0.997485,0.000000,-0.070880
EndFrame
SetLocation,-65.819325,667.199706,-508.176538
SetRotation,-0.070880,0.000000,-0.997485,0.000000,1.000000,0.000000,0.997485,0.000000,-0.070880
EndFrame
SetLocation,-45.679526,667.199706,-509.607654
SetRotation,-0.070880,0.000000,-0.997485,0.000000,1.000000,0.000000,0.997485,0.000000,-0.070880
EndFrame
SetLocation,-25.502448,667.199706,-511.041419
SetRotation,-0.070880,0.000000,-0.997485,0.000000,1.000000,0.000000,0.997485,0.000000,-0.070880
EndFrame
SetLocation,-5.927389,667.199706,-512.432405
SetRotation,-0.070880,0.000000,-0.997485,0.000000,1.000000,0.000000,0.997485,0.000000,-0.070880
EndFrame
SetLocation,13.549714,667.199706,-513.816430
SetRotation,-0.070880,0.000000,-0.997485,0.000000,1.000000,0.000000,0.997485,0.000000,-0.070880
EndFrame
SetLocation,32.925169,667.199706,-515.193233
SetRotation,-0.070880,0.000000,-0.997485,0.000000,1.000000,0.000000,0.997485,0.000000,-0.070880
EndFrame
SetLocation,52.040439,667.199706,-516.551547
SetRotation,-0.070880,0.000000,-0.997485,0.000000,1.000000,0.000000,0.997485,0.000000,-0.070880
EndFrame
SetLocation,71.125033,667.199706,-517.907681
SetRotation,-0.070880,0.000000,-0.997485,0.000000,1.000000,0.000000,0.997485,0.000000,-0.070880
EndFrame
SetLocation,90.181463,667.199706,-519.261814
SetRotation,-0.070880,0.000000,-0.997485,0.000000,1.000000,0.000000,0.997485,0.000000,-0.070880
EndFrame
SetLocation,109.252326,667.199706,-520.616972
SetRotation,-0.070880,0.000000,-0.997485,0.000000,1.000000,0.000000,0.997485,0.000000,-0.070880
EndFrame
SetLocation,128.704107,667.199706,-521.999198
SetRotation,-0.070880,0.000000,-0.997485,0.000000,1.000000,0.000000,0.997485,0.000000,-0.070880
EndFrame
SetLocation,147.374000,667.199706,-523.325864
SetRotation,-0.070880,0.000000,-0.997485,0.000000,1.000000,0.000000,0.997485,0.000000,-0.070880
EndFrame
SetLocation,165.989253,667.199706,-524.648648
SetRotation,-0.070880,0.000000,-0.997485,0.000000,1.000000,0.000000,0.997485,0.000000,-0.070880
EndFrame
SetLocation,184.467270,667.199706,-525.961679
SetRotation,-0.070880,0.000000,-0.997485,0.000000,1.000000,0.000000,0.997485,0.000000,-0.070880
EndFrame
SetLocation,202.906948,667.199706,-527.271986
SetRotation,-0.070880,0.000000,-0.997485,0.000000,1.000000,0.000000,0.997485,0.000000,-0.070880
EndFrame
SetLocation,221.487113,667.199706,-528.592276
SetRotation,-0.070880,0.000000,-0.997485,0.000000,1.000000,0.000000,0.997485,0.000000,-0.070880
EndFrame
SetLocation,240.081409,667.199706,-529.913570
SetRotation,-0.070880,0.000000,-0.997485,0.000000,1.000000,0.000000,0.997485,0.000000,-0.070880
EndFrame
SetLocation,258.829621,667.199706,-531.245801
SetRotation,-0.070880,0.000000,-0.997485,0.000000,1.000000,0.000000,0.997485,0.000000,-0.070880
EndFrame
SetLocation,279.198575,667.199706,-532.693201
SetRotation,-0.070880,0.000000,-0.997485,0.000000,1.000000,0.000000,0.997485,0.000000,-0.070880
EndFrame
SetLocation,298.096679,667.199706,-534.036083
SetRotation,-0.070880,0.000000,-0.997485,0.000000,1.000000,0.000000,0.997485,0.000000,-0.070880
EndFrame
SetLocation,316.835898,667.199706,-535.367675
SetRotation,-0.070880,0.000000,-0.997485,0.000000,1.000000,0.000000,0.997485,0.000000,-0.070880
EndFrame
SetLocation,335.240200,667.199706,-536.675468
SetRotation,-0.070880,0.000000,-0.997485,0.000000,1.000000,0.000000,0.997485,0.000000,-0.070880
EndFrame
SetLocation,353.370271,667.199706,-537.963775
SetRotation,-0.070880,0.000000,-0.997485,0.000000,1.000000,0.000000,0.997485,0.000000,-0.070880
EndFrame
SetLocation,371.366733,667.199706,-539.242587
SetRotation,-0.070880,0.000000,-0.997485,0.000000,1.000000,0.000000,0.997485,0.000000,-0.070880
EndFrame
SetLocation,389.215938,667.199706,-540.510936
SetRotation,-0.070880,0.000000,-0.997485,0.000000,1.000000,0.000000,0.997485,0.000000,-0.070880
EndFrame
SetLocation,407.007486,667.199706,-541.775187
SetRotation,-0.070880,0.000000,-0.997485,0.000000,1.000000,0.000000,0.997485,0.000000,-0.070880
EndFrame
SetLocation,425.067943,667.199706,-543.058547
SetRotation,-0.070880,0.000000,-0.997485,0.000000,1.000000,0.000000,0.997485,0.000000,-0.070880
EndFrame
SetLocation,442.486615,667.199706,-544.296303
SetRotation,-0.070880,0.000000,-0.997485,0.000000,1.000000,0.000000,0.997485,0.000000,-0.070880
EndFrame
SetLocation,459.805068,667.199706,-545.526936
SetRotation,-0.070880,0.000000,-0.997485,0.000000,1.000000,0.000000,0.997485,0.000000,-0.070880
EndFrame
SetLocation,476.976277,667.199706,-546.747107
SetRotation,-0.070880,0.000000,-0.997485,0.000000,1.000000,0.000000,0.997485,0.000000,-0.070880
EndFrame
SetLocation,493.889164,667.199706,-547.948922
SetRotation,-0.070880,0.000000,-0.997485,0.000000,1.000000,0.000000,0.997485,0.000000,-0.070880
EndFrame
SetLocation,510.683344,667.199706,-549.142301
SetRotation,-0.070880,0.000000,-0.997485,0.000000,1.000000,0.000000,0.997485,0.000000,-0.070880
EndFrame
SetLocation,527.433303,667.199706,-550.332538
SetRotation,-0.070880,0.000000,-0.997485,0.000000,1.000000,0.000000,0.997485,0.000000,-0.070880
EndFrame
SetLocation,544.104468,667.199706,-551.517176
SetRotation,-0.070880,0.000000,-0.997485,0.000000,1.000000,0.000000,0.997485,0.000000,-0.070880
EndFrame
SetLocation,561.635220,667.199706,-552.762896
SetRotation,-0.070880,0.000000,-0.997485,0.000000,1.000000,0.000000,0.997485,0.000000,-0.070880
EndFrame
SetLocation,578.232766,667.199706,-553.942303
SetRotation,-0.070880,0.000000,-0.997485,0.000000,1.000000,0.000000,0.997485,0.000000,-0.070880
EndFrame
SetLocation,594.654816,667.199706,-555.109239
SetRotation,-0.070880,0.000000,-0.997485,0.000000,1.000000,0.000000,0.997485,0.000000,-0.070880
EndFrame
SetLocation,611.007701,667.199706,-556.271260
SetRotation,-0.070880,0.000000,-0.997485,0.000000,1.000000,0.000000,0.997485,0.000000,-0.070880
EndFrame
SetLocation,627.271398,667.199706,-557.426944
SetRotation,-0.070880,0.000000,-0.997485,0.000000,1.000000,0.000000,0.997485,0.000000,-0.070880
EndFrame
SetLocation,643.564397,667.199706,-558.584710
SetRotation,-0.070880,0.000000,-0.997485,0.000000,1.000000,0.000000,0.997485,0.000000,-0.070880
EndFrame
SetLocation,659.664406,667.199706,-559.728762
SetRotation,-0.070880,0.000000,-0.997485,0.000000,1.000000,0.000000,0.997485,0.000000,-0.070880
EndFrame
SetLocation,675.728827,667.199706,-560.870285
SetRotation,-0.070880,0.000000,-0.997485,0.000000,1.000000,0.000000,0.997485,0.000000,-0.070880
EndFrame
SetLocation,691.903060,667.199706,-562.019612
SetRotation,-0.070880,0.000000,-0.997485,0.000000,1.000000,0.000000,0.997485,0.000000,-0.070880
EndFrame
SetLocation,708.717309,667.199706,-563.214417
SetRotation,-0.070880,0.000000,-0.997485,0.000000,1.000000,0.000000,0.997485,0.000000,-0.070880
EndFrame
SetLocation,724.646483,667.199706,-564.346330
SetRotation,-0.070880,0.000000,-0.997485,0.000000,1.000000,0.000000,0.997485,0.000000,-0.070880
EndFrame
SetLocation,740.303694,667.199706,-565.458918
SetRotation,-0.070880,0.000000,-0.997485,0.000000,1.000000,0.000000,0.997485,0.000000,-0.070880
EndFrame
SetLocation,755.812157,667.199706,-566.560935
SetRotation,-0.070880,0.000000,-0.997485,0.000000,1.000000,0.000000,0.997485,0.000000,-0.070880
EndFrame
SetLocation,771.215386,667.199706,-567.655475
SetRotation,-0.070880,0.000000,-0.997485,0.000000,1.000000,0.000000,0.997485,0.000000,-0.070880
EndFrame
SetLocation,786.512507,667.199706,-568.742475
SetRotation,-0.070880,0.000000,-0.997485,0.000000,1.000000,0.000000,0.997485,0.000000,-0.070880
EndFrame
SetLocation,801.673763,667.199706,-569.819820
SetRotation,-0.023769,0.000000,-0.999717,0.000000,1.000000,0.000000,0.999717,0.000000,-0.023769
EndFrame
SetLocation,816.877052,667.199706,-570.181285
SetRotation,0.023421,0.000000,-0.999725,0.000000,1.000000,0.000000,0.999725,0.000000,0.023421
EndFrame
SetLocation,832.000575,667.199706,-569.826981
SetRotation,0.070311,0.000000,-0.997525,0.000000,1.000000,0.000000,0.997525,0.000000,0.070311
EndFrame
SetLocation,847.083839,667.199706,-568.763829
SetRotation,0.117025,0.000000,-0.993129,0.000000,1.000000,0.000000,0.993129,0.000000,0.117025
EndFrame
SetLocation,862.526807,667.199706,-566.944118
SetRotation,0.164794,0.000000,-0.986328,0.000000,1.000000,0.000000,0.986328,0.000000,0.164794
EndFrame
SetLocation,877.413474,667.199706,-564.456873
SetRotation,0.210795,0.000000,-0.977530,0.000000,1.000000,0.000000,0.977530,0.000000,0.210795
EndFrame
SetLocation,891.954725,667.199706,-561.321194
SetRotation,0.255680,0.000000,-0.966761,0.000000,1.000000,0.000000,0.966761,0.000000,0.255680
EndFrame
SetLocation,907.497606,667.199706,-557.210551
SetRotation,0.303577,0.000000,-0.952807,0.000000,1.000000,0.000000,0.952807,0.000000,0.303577
EndFrame
SetLocation,921.526064,667.199706,-552.740899
SetRotation,0.346780,0.000000,-0.937946,0.000000,1.000000,0.000000,0.937946,0.000000,0.346780
EndFrame
SetLocation,935.241158,667.199706,-547.670124
SetRotation,0.388970,0.000000,-0.921250,0.000000,1.000000,0.000000,0.921250,0.000000,0.388970
EndFrame
SetLocation,948.760879,667.199706,-541.961825
SetRotation,0.430509,0.000000,-0.902586,0.000000,1.000000,0.000000,0.902586,0.000000,0.430509
EndFrame
SetLocation,961.963568,667.199706,-535.664509
SetRotation,0.471023,0.000000,-0.882121,0.000000,1.000000,0.000000,0.882121,0.000000,0.471023
EndFrame
SetLocation,974.674912,667.199706,-528.877071
SetRotation,0.509987,0.000000,-0.860182,0.000000,1.000000,0.000000,0.860182,0.000000,0.509987
EndFrame
SetLocation,987.414795,667.199706,-521.323823
SetRotation,0.548970,0.000000,-0.835842,0.000000,1.000000,0.000000,0.835842,0.000000,0.548970
EndFrame
SetLocation,999.698492,667.199706,-513.256050
SetRotation,0.586506,0.000000,-0.809944,0.000000,1.000000,0.000000,0.809944,0.000000,0.586506
EndFrame
SetLocation,1011.544340,667.199706,-504.678099
SetRotation,0.622651,0.000000,-0.782499,0.000000,1.000000,0.000000,0.782499,0.000000,0.622651
EndFrame
SetLocation,1023.093995,667.199706,-495.487797
SetRotation,0.657828,0.000000,-0.753168,0.000000,1.000000,0.000000,0.753168,0.000000,0.657828
EndFrame
SetLocation,1034.214825,667.199706,-485.774706
SetRotation,0.691637,0.000000,-0.722245,0.000000,1.000000,0.000000,0.722245,0.000000,0.691637
EndFrame
SetLocation,1044.842737,667.199706,-475.597202
SetRotation,0.723886,0.000000,-0.689919,0.000000,1.000000,0.000000,0.689919,0.000000,0.723886
EndFrame
SetLocation,1055.021010,667.199706,-464.917822
SetRotation,0.754703,0.000000,-0.656066,0.000000,1.000000,0.000000,0.656066,0.000000,0.754703
EndFrame
SetLocation,1064.745706,667.199706,-453.731062
SetRotation,0.784073,0.000000,-0.620668,0.000000,1.000000,0.000000,0.620668,0.000000,0.784073
EndFrame
SetLocation,1074.124649,667.199706,-441.882909
SetRotation,0.812306,0.000000,-0.583231,0.000000,1.000000,0.000000,0.583231,0.000000,0.812306
EndFrame
SetLocation,1082.898591,667.199706,-429.662835
SetRotation,0.838639,0.000000,-0.544686,0.000000,1.000000,0.000000,0.544686,0.000000,0.838639
EndFrame
SetLocation,1091.514749,667.199706,-416.396763
SetRotation,0.864357,0.000000,-0.502878,0.000000,1.000000,0.000000,0.502878,0.000000,0.864357
EndFrame
SetLocation,1099.230285,667.199706,-403.135139
SetRotation,0.887312,0.000000,-0.461169,0.000000,1.000000,0.000000,0.461169,0.000000,0.887312
EndFrame
SetLocation,1106.363345,667.199706,-389.410759
SetRotation,0.908418,0.000000,-0.418063,0.000000,1.000000,0.000000,0.418063,0.000000,0.908418
EndFrame
SetLocation,1112.924747,667.199706,-375.153332
SetRotation,0.927695,0.000000,-0.373339,0.000000,1.000000,0.000000,0.373339,0.000000,0.927695
EndFrame
SetLocation,1118.718505,667.199706,-360.756656
SetRotation,0.944592,0.000000,-0.328246,0.000000,1.000000,0.000000,0.328246,0.000000,0.944592
EndFrame
SetLocation,1123.892608,667.199706,-345.867150
SetRotation,0.959513,0.000000,-0.281665,0.000000,1.000000,0.000000,0.281665,0.000000,0.959513
EndFrame
SetLocation,1128.367408,667.199706,-330.623392
SetRotation,0.972228,0.000000,-0.234035,0.000000,1.000000,0.000000,0.234035,0.000000,0.972228
EndFrame
SetLocation,1132.098607,667.199706,-315.123266
SetRotation,0.982613,0.000000,-0.185667,0.000000,1.000000,0.000000,0.185667,0.000000,0.982613
EndFrame
SetLocation,1135.080339,667.199706,-299.342901
SetRotation,0.990642,0.000000,-0.136485,0.000000,1.000000,0.000000,0.136485,0.000000,0.990642
EndFrame
SetLocation,1137.342739,667.199706,-282.921818
SetRotation,0.996349,0.000000,-0.085367,0.000000,1.000000,0.000000,0.085367,0.000000,0.996349
EndFrame
SetLocation,1138.760290,667.199706,-266.377032
SetRotation,0.999424,0.000000,-0.033932,0.000000,1.000000,0.000000,0.033932,0.000000,0.999424
EndFrame
SetLocation,1139.326379,667.199706,-249.703825
SetRotation,0.999841,0.000000,0.017832,0.000000,1.000000,0.000000,-0.017832,0.000000,0.999841
EndFrame
SetLocation,1139.025747,667.199706,-232.847571
SetRotation,0.997540,0.000000,0.070094,0.000000,1.000000,0.000000,-0.070094,0.000000,0.997540
EndFrame
SetLocation,1137.824669,667.199706,-215.754558
SetRotation,0.992405,0.000000,0.123015,0.000000,1.000000,0.000000,-0.123015,0.000000,0.992405
EndFrame
SetLocation,1135.693939,667.199706,-198.565277
SetRotation,0.984362,0.000000,0.176156,0.000000,1.000000,0.000000,-0.176156,0.000000,0.984362
EndFrame
SetLocation,1132.627466,667.199706,-181.429770
SetRotation,0.973414,0.000000,0.229050,0.000000,1.000000,0.000000,-0.229050,0.000000,0.973414
EndFrame
SetLocation,1128.627095,667.199706,-164.429035
SetRotation,0.959577,0.000000,0.281447,0.000000,1.000000,0.000000,-0.281447,0.000000,0.959577
EndFrame
SetLocation,1123.668227,667.199706,-147.522047
SetRotation,0.959577,0.000000,0.281447,0.000000,1.000000,0.000000,-0.281447,0.000000,0.959577
EndFrame
SetLocation,1118.555454,667.199706,-130.090327
SetRotation,0.959577,0.000000,0.281447,0.000000,1.000000,0.000000,-0.281447,0.000000,0.959577
EndFrame
SetLocation,1113.526846,667.199706,-112.945565
SetRotation,0.959577,0.000000,0.281447,0.000000,1.000000,0.000000,-0.281447,0.000000,0.959577
EndFrame
SetLocation,1108.653295,667.199706,-96.329460
SetRotation,0.959577,0.000000,0.281447,0.000000,1.000000,0.000000,-0.281447,0.000000,0.959577
EndFrame
SetLocation,1103.809317,667.199706,-79.814182
SetRotation,0.959577,0.000000,0.281447,0.000000,1.000000,0.000000,-0.281447,0.000000,0.959577
EndFrame
SetLocation,1099.015538,667.199706,-63.470056
SetRotation,0.959577,0.000000,0.281447,0.000000,1.000000,0.000000,-0.281447,0.000000,0.959577
EndFrame
SetLocation,1094.290606,667.199706,-47.360662
SetRotation,0.959577,0.000000,0.281447,0.000000,1.000000,0.000000,-0.281447,0.000000,0.959577
EndFrame
SetLocation,1089.633400,667.199706,-31.482173
SetRotation,0.959577,0.000000,0.281447,0.000000,1.000000,0.000000,-0.281447,0.000000,0.959577
EndFrame
SetLocation,1084.842649,667.199706,-15.148369
SetRotation,0.959577,0.000000,0.281447,0.000000,1.000000,0.000000,-0.281447,0.000000,0.959577
EndFrame
SetLocation,1080.397183,667.199706,0.008201
SetRotation,0.959577,0.000000,0.281447,0.000000,1.000000,0.000000,-0.281447,0.000000,0.959577
EndFrame
SetLocation,1075.869508,667.199706,15.445062
SetRotation,0.959577,0.000000,0.281447,0.000000,1.000000,0.000000,-0.281447,0.000000,0.959577
EndFrame
SetLocation,1071.538014,667.199706,30.213051
SetRotation,0.959577,0.000000,0.281447,0.000000,1.000000,0.000000,-0.281447,0.000000,0.959577
EndFrame
SetLocation,1067.292260,667.199706,44.688716
SetRotation,0.959577,0.000000,0.281447,0.000000,1.000000,0.000000,-0.281447,0.000000,0.959577
EndFrame
SetLocation,1063.140728,667.199706,58.843139
SetRotation,0.959577,0.000000,0.281447,0.000000,1.000000,0.000000,-0.281447,0.000000,0.959577
EndFrame
SetLocation,1059.060714,667.199706,72.753720
SetRotation,0.959577,0.000000,0.281447,0.000000,1.000000,0.000000,-0.281447,0.000000,0.959577
EndFrame
SetLocation,1055.021383,667.199706,86.525597
SetRotation,0.959577,0.000000,0.281447,0.000000,1.000000,0.000000,-0.281447,0.000000,0.959577
EndFrame
SetLocation,1051.000661,667.199706,100.234030
SetRotation,0.959577,0.000000,0.281447,0.000000,1.000000,0.000000,-0.281447,0.000000,0.959577
EndFrame
SetLocation,1046.997430,667.199706,113.882824
SetRotation,0.959577,0.000000,0.281447,0.000000,1.000000,0.000000,-0.281447,0.000000,0.959577
EndFrame
SetLocation,1043.011843,667.199706,127.471465
SetRotation,0.959577,0.000000,0.281447,0.000000,1.000000,0.000000,-0.281447,0.000000,0.959577
EndFrame
SetLocation,1038.956715,667.199706,141.297200
SetRotation,0.959577,0.000000,0.281447,0.000000,1.000000,0.000000,-0.281447,0.000000,0.959577
EndFrame
SetLocation,1034.921252,667.199706,155.055892
SetRotation,0.946108,0.000000,0.323852,0.000000,1.000000,0.000000,-0.323852,0.000000,0.946108
EndFrame
SetLocation,1030.358279,667.199706,168.386269
SetRotation,0.931048,0.000000,0.364897,0.000000,1.000000,0.000000,-0.364897,0.000000,0.931048
EndFrame
SetLocation,1025.182685,667.199706,181.591968
SetRotation,0.914089,0.000000,0.405512,0.000000,1.000000,0.000000,-0.405512,0.000000,0.914089
EndFrame
SetLocation,1019.375786,667.199706,194.681649
SetRotation,0.895172,0.000000,0.445720,0.000000,1.000000,0.000000,-0.445720,0.000000,0.895172
EndFrame
SetLocation,1012.918778,667.199706,207.649736
SetRotation,0.874236,0.000000,0.485500,0.000000,1.000000,0.000000,-0.485500,0.000000,0.874236
EndFrame
SetLocation,1005.706991,667.199706,220.635944
SetRotation,0.850935,0.000000,0.525271,0.000000,1.000000,0.000000,-0.525271,0.000000,0.850935
EndFrame
SetLocation,997.730050,667.199706,233.558539
